19593
1
2
1
3
4
3
1
2
1
5
6
5
7
8
7
5
6
5
1
2
1
3
4
3
1
2
1
9
10
9
11
12
11
9
10
9
13
14
13
15
16
15
13
14
13
9
10
9
11
12
11
9
10
9
1
2
1
3
4
3
1
2
1
5
6
5
7
8
7
5
6
5
1
2
1
3
4
3
1
2
1
17
18
17
19
20
19
17
18
17
21
22
21
23
24
23
21
22
21
17
18
17
19
20
19
17
18
17
25
26
25
27
28
27
25
26
25
29
30
29
31
32
31
29
30
29
25
26
25
27
28
27
25
26
25
17
18
17
19
20
19
17
18
17
21
22
21
23
24
23
21
22
21
17
18
17
19
20
19
17
18
17
1
2
1
3
4
3
1
2
1
5
6
5
7
8
7
5
6
5
1
2
1
3
4
3
1
2
1
9
10
9
11
12
11
9
10
9
13
14
13
15
16
15
13
14
13
9
10
9
11
12
11
9
10
9
1
2
1
3
4
3
1
2
1
5
6
5
7
8
7
5
6
5
1
2
1
3
4
3
1
2
1
33
34
33
35
36
35
33
34
33
37
38
37
39
40
39
37
38
37
33
34
33
35
36
35
33
34
33
41
42
41
43
44
43
41
42
41
45
46
45
47
48
47
45
46
45
41
42
41
43
44
43
41
42
41
33
34
33
35
36
35
33
34
33
37
38
37
39
40
39
37
38
37
33
34
33
35
36
35
33
34
33
49
50
49
51
52
51
49
50
49
53
54
53
55
56
55
53
54
53
49
50
49
51
52
51
49
50
49
57
58
57
59
60
59
57
58
57
61
62
61
63
61
62
61
57
58
57
59
60
59
57
58
57
49
50
49
51
52
51
49
50
49
53
54
53
55
56
55
53
54
53
49
50
49
51
52
51
49
50
49
33
34
33
35
36
35
33
34
33
37
38
37
39
40
39
37
38
37
33
34
33
35
36
35
33
34
33
41
42
41
43
44
43
41
42
41
45
46
45
47
48
47
45
46
45
41
42
41
43
44
43
41
42
41
33
34
33
35
36
35
33
34
33
37
38
37
39
40
39
37
38
37
33
34
33
35
36
35
33
34
33
1
2
1
3
4
3
1
2
1
5
6
5
7
8
7
5
6
5
1
2
1
3
4
3
1
2
1
9
10
9
11
12
11
9
10
9
13
14
13
15
16
15
13
14
13
9
10
9
11
12
11
9
10
9
1
2
1
3
4
3
1
2
1
5
6
5
7
8
7
5
6
5
1
2
1
3
4
3
1
2
1
17
18
17
19
20
19
17
18
17
21
22
21
23
24
23
21
22
21
17
18
17
19
20
19
17
18
17
25
26
25
27
28
27
25
26
25
29
30
29
31
32
31
29
30
29
25
26
25
27
28
27
25
26
25
17
18
17
19
20
19
17
18
17
21
22
21
23
24
23
21
22
21
17
18
17
19
20
19
17
18
17
1
2
1
3
4
3
1
2
1
5
6
5
7
8
7
5
6
5
1
2
1
3
4
3
1
2
1
9
10
9
11
12
11
9
10
9
13
14
13
15
16
15
13
14
13
9
10
9
11
12
11
9
10
9
1
2
1
3
4
3
1
2
1
5
6
5
7
8
7
5
6
5
1
2
1
3
4
3
1
2
1
64
65
64
66
67
66
64
65
64
68
69
68
70
71
70
68
69
68
64
65
64
66
67
66
64
65
64
72
73
72
74
75
74
72
73
72
76
77
76
78
79
78
76
77
76
72
73
72
74
75
74
72
73
72
64
65
64
66
67
66
64
65
64
68
69
68
70
71
70
68
69
68
64
65
64
66
67
66
64
65
64
80
81
80
82
83
82
80
81
80
84
85
84
86
87
86
84
85
84
80
81
80
82
83
82
80
81
80
88
89
88
90
91
90
88
89
88
92
93
92
94
92
93
92
88
89
88
90
91
90
88
89
88
80
81
80
82
83
82
80
81
80
84
85
84
86
87
86
84
85
84
80
81
80
82
83
82
80
81
80
64
65
64
66
67
66
64
65
64
68
69
68
70
71
70
68
69
68
64
65
64
66
67
66
64
65
64
72
73
72
74
75
74
72
73
72
76
77
76
78
79
78
76
77
76
72
73
72
74
75
74
72
73
72
64
65
64
66
67
66
64
65
64
68
69
68
70
71
70
68
69
68
64
65
64
66
67
66
64
65
64
95
96
95
97
98
97
95
96
95
99
100
99
101
102
101
99
100
99
95
96
95
97
98
97
95
96
95
103
104
103
105
106
105
103
104
103
107
108
107
109
110
109
107
108
107
103
104
103
105
106
105
103
104
103
95
96
95
97
98
97
95
96
95
99
100
99
101
102
101
99
100
99
95
96
95
97
98
97
95
96
95
111
112
111
113
114
113
111
112
111
115
116
115
117
118
117
115
116
115
111
112
111
113
114
113
111
112
111
119
120
119
121
122
121
119
120
119
123
124
123
125
123
124
123
119
120
119
121
122
121
119
120
119
111
112
111
113
114
113
111
112
111
115
116
115
117
118
117
115
116
115
111
112
111
113
114
113
111
112
111
95
96
95
97
98
97
95
96
95
99
100
99
101
102
101
99
100
99
95
96
95
97
98
97
95
96
95
103
104
103
105
106
105
103
104
103
107
108
107
109
110
109
107
108
107
103
104
103
105
106
105
103
104
103
95
96
95
97
98
97
95
96
95
99
100
99
101
102
101
99
100
99
95
96
95
97
98
97
95
96
95
64
65
64
66
67
66
64
65
64
68
69
68
70
71
70
68
69
68
64
65
64
66
67
66
64
65
64
72
73
72
74
75
74
72
73
72
76
77
76
78
79
78
76
77
76
72
73
72
74
75
74
72
73
72
64
65
64
66
67
66
64
65
64
68
69
68
70
71
70
68
69
68
64
65
64
66
67
66
64
65
64
80
81
80
82
83
82
80
81
80
84
85
84
86
87
86
84
85
84
80
81
80
82
83
82
80
81
80
88
89
88
90
91
90
88
89
88
92
93
92
94
92
93
92
88
89
88
90
91
90
88
89
88
80
81
80
82
83
82
80
81
80
84
85
84
86
87
86
84
85
84
80
81
80
82
83
82
80
81
80
64
65
64
66
67
66
64
65
64
68
69
68
70
71
70
68
69
68
64
65
64
66
67
66
64
65
64
72
73
72
74
75
74
72
73
72
76
77
76
78
79
78
76
77
76
72
73
72
74
75
74
72
73
72
64
65
64
66
67
66
64
65
64
68
69
68
70
71
70
68
69
68
64
65
64
66
67
66
64
65
64
1
2
1
3
4
3
1
2
1
5
6
5
7
8
7
5
6
5
1
2
1
3
4
3
1
2
1
9
10
9
11
12
11
9
10
9
13
14
13
15
16
15
13
14
13
9
10
9
11
12
11
9
10
9
1
2
1
3
4
3
1
2
1
5
6
5
7
8
7
5
6
5
1
2
1
3
4
3
1
2
1
17
18
17
19
20
19
17
18
17
21
22
21
23
24
23
21
22
21
17
18
17
19
20
19
17
18
17
25
26
25
27
28
27
25
26
25
29
30
29
31
32
31
29
30
29
25
26
25
27
28
27
25
26
25
17
18
17
19
20
19
17
18
17
21
22
21
23
24
23
21
22
21
17
18
17
19
20
19
17
18
17
1
2
1
3
4
3
1
2
1
5
6
5
7
8
7
5
6
5
1
2
1
3
4
3
1
2
1
9
10
9
11
12
11
9
10
9
13
14
13
15
16
15
13
14
13
9
10
9
11
12
11
9
10
9
1
2
1
3
4
3
1
2
1
5
6
5
7
8
7
5
6
5
1
2
1
3
4
3
1
2
1
33
34
33
35
36
35
33
34
33
37
38
37
39
40
39
37
38
37
33
34
33
35
36
35
33
34
33
41
42
41
43
44
43
41
42
41
45
46
45
47
48
47
45
46
45
41
42
41
43
44
43
41
42
41
33
34
33
35
36
35
33
34
33
37
38
37
39
40
39
37
38
37
33
34
33
35
36
35
33
34
33
49
50
49
51
52
51
49
50
49
53
54
53
55
56
55
53
54
53
49
50
49
51
52
51
49
50
49
57
58
57
59
60
59
57
58
57
61
62
61
63
61
62
61
57
58
57
59
60
59
57
58
57
49
50
49
51
52
51
49
50
49
53
54
53
55
56
55
53
54
53
49
50
49
51
52
51
49
50
49
33
34
33
35
36
35
33
34
33
37
38
37
39
40
39
37
38
37
33
34
33
35
36
35
33
34
33
41
42
41
43
44
43
41
42
41
45
46
45
47
48
47
45
46
45
41
42
41
43
44
43
41
42
41
33
34
33
35
36
35
33
34
33
37
38
37
39
40
39
37
38
37
33
34
33
35
36
35
33
34
33
1
2
1
3
4
3
1
2
1
5
6
5
7
8
7
5
6
5
1
2
1
3
4
3
1
2
1
9
10
9
11
12
11
9
10
9
13
14
13
15
16
15
13
14
13
9
10
9
11
12
11
9
10
9
1
2
1
3
4
3
1
2
1
5
6
5
7
8
7
5
6
5
1
2
1
3
4
3
1
2
1
17
18
17
19
20
19
17
18
17
21
22
21
23
24
23
21
22
21
17
18
17
19
20
19
17
18
17
25
26
25
27
28
27
25
26
25
29
30
29
31
32
31
29
30
29
25
26
25
27
28
27
25
26
25
17
18
17
19
20
19
17
18
17
21
22
21
23
24
23
21
22
21
17
18
17
19
20
19
17
18
17
1
2
1
3
4
3
1
2
1
5
6
5
7
8
7
5
6
5
1
2
1
3
4
3
1
2
1
9
10
9
11
12
11
9
10
9
13
14
13
15
16
15
13
14
13
9
10
9
11
12
11
9
10
9
1
2
1
3
4
3
1
2
1
5
6
5
7
8
7
5
6
5
1
2
1
3
4
3
1
2
1
126
127
126
128
129
128
126
127
126
130
131
130
132
133
132
130
131
130
126
127
126
128
129
128
126
127
126
134
135
134
136
137
136
134
135
134
138
139
138
140
141
140
138
139
138
134
135
134
136
137
136
134
135
134
126
127
126
128
129
128
126
127
126
130
131
130
132
133
132
130
131
130
126
127
126
128
129
128
126
127
126
142
143
142
144
145
144
142
143
142
146
147
146
148
149
148
146
147
146
142
143
142
144
145
144
142
143
142
150
151
150
152
153
152
150
151
150
154
155
154
156
157
156
154
155
154
150
151
150
152
153
152
150
151
150
142
143
142
144
145
144
142
143
142
146
147
146
148
149
148
146
147
146
142
143
142
144
145
144
142
143
142
126
127
126
128
129
128
126
127
126
130
131
130
132
133
132
130
131
130
126
127
126
128
129
128
126
127
126
134
135
134
136
137
136
134
135
134
138
139
138
140
141
140
138
139
138
134
135
134
136
137
136
134
135
134
126
127
126
128
129
128
126
127
126
130
131
130
132
133
132
130
131
130
126
127
126
128
129
128
126
127
126
158
159
158
160
161
160
158
159
158
162
163
162
164
165
164
162
163
162
158
159
158
160
161
160
158
159
158
166
167
166
168
169
168
166
167
166
170
171
170
172
173
172
170
171
170
166
167
166
168
169
168
166
167
166
158
159
158
160
161
160
158
159
158
162
163
162
164
165
164
162
163
162
158
159
158
160
161
160
158
159
158
174
175
174
176
177
176
174
175
174
178
179
178
180
181
180
178
179
178
174
175
174
176
177
176
174
175
174
182
183
182
184
185
184
182
183
182
186
187
186
188
186
187
186
182
183
182
184
185
184
182
183
182
174
175
174
176
177
176
174
175
174
178
179
178
180
181
180
178
179
178
174
175
174
176
177
176
174
175
174
158
159
158
160
161
160
158
159
158
162
163
162
164
165
164
162
163
162
158
159
158
160
161
160
158
159
158
166
167
166
168
169
168
166
167
166
170
171
170
172
173
172
170
171
170
166
167
166
168
169
168
166
167
166
158
159
158
160
161
160
158
159
158
162
163
162
164
165
164
162
163
162
158
159
158
160
161
160
158
159
158
126
127
126
128
129
128
126
127
126
130
131
130
132
133
132
130
131
130
126
127
126
128
129
128
126
127
126
134
135
134
136
137
136
134
135
134
138
139
138
140
141
140
138
139
138
134
135
134
136
137
136
134
135
134
126
127
126
128
129
128
126
127
126
130
131
130
132
133
132
130
131
130
126
127
126
128
129
128
126
127
126
142
143
142
144
145
144
142
143
142
146
147
146
148
149
148
146
147
146
142
143
142
144
145
144
142
143
142
150
151
150
152
153
152
150
151
150
154
155
154
156
157
156
154
155
154
150
151
150
152
153
152
150
151
150
142
143
142
144
145
144
142
143
142
146
147
146
148
149
148
146
147
146
142
143
142
144
145
144
142
143
142
126
127
126
128
129
128
126
127
126
130
131
130
132
133
132
130
131
130
126
127
126
128
129
128
126
127
126
134
135
134
136
137
136
134
135
134
138
139
138
140
141
140
138
139
138
134
135
134
136
137
136
134
135
134
126
127
126
128
129
128
126
127
126
130
131
130
132
133
132
130
131
130
126
127
126
128
129
128
126
127
126
189
190
189
191
192
191
189
190
189
193
194
193
195
196
195
193
194
193
189
190
189
191
192
191
189
190
189
197
198
197
199
200
199
197
198
197
201
202
201
203
204
203
201
202
201
197
198
197
199
200
199
197
198
197
189
190
189
191
192
191
189
190
189
193
194
193
195
196
195
193
194
193
189
190
189
191
192
191
189
190
189
205
206
205
207
208
207
205
206
205
209
210
209
211
212
211
209
210
209
205
206
205
207
208
207
205
206
205
213
214
213
215
216
215
213
214
213
217
218
217
219
217
218
217
213
214
213
215
216
215
213
214
213
205
206
205
207
208
207
205
206
205
209
210
209
211
212
211
209
210
209
205
206
205
207
208
207
205
206
205
189
190
189
191
192
191
189
190
189
193
194
193
195
196
195
193
194
193
189
190
189
191
192
191
189
190
189
197
198
197
199
200
199
197
198
197
201
202
201
203
204
203
201
202
201
197
198
197
199
200
199
197
198
197
189
190
189
191
192
191
189
190
189
193
194
193
195
196
195
193
194
193
189
190
189
191
192
191
189
190
189
220
221
220
222
223
222
220
221
220
224
225
224
226
227
226
224
225
224
220
221
220
222
223
222
220
221
220
228
229
228
230
231
230
228
229
228
232
233
232
234
235
234
232
233
232
228
229
228
230
231
230
228
229
228
220
221
220
222
223
222
220
221
220
224
225
224
226
227
226
224
225
224
220
221
220
222
223
222
220
221
220
236
237
236
238
239
238
236
237
236
240
241
240
242
243
242
240
241
240
236
237
236
238
239
238
236
237
236
244
245
244
246
247
246
244
245
244
248
249
248
250
248
249
248
244
245
244
246
247
246
244
245
244
236
237
236
238
239
238
236
237
236
240
241
240
242
243
242
240
241
240
236
237
236
238
239
238
236
237
236
220
221
220
222
223
222
220
221
220
224
225
224
226
227
226
224
225
224
220
221
220
222
223
222
220
221
220
228
229
228
230
231
230
228
229
228
232
233
232
234
235
234
232
233
232
228
229
228
230
231
230
228
229
228
220
221
220
222
223
222
220
221
220
224
225
224
226
227
226
224
225
224
220
221
220
222
223
222
220
221
220
189
190
189
191
192
191
189
190
189
193
194
193
195
196
195
193
194
193
189
190
189
191
192
191
189
190
189
197
198
197
199
200
199
197
198
197
201
202
201
203
204
203
201
202
201
197
198
197
199
200
199
197
198
197
189
190
189
191
192
191
189
190
189
193
194
193
195
196
195
193
194
193
189
190
189
191
192
191
189
190
189
205
206
205
207
208
207
205
206
205
209
210
209
211
212
211
209
210
209
205
206
205
207
208
207
205
206
205
213
214
213
215
216
215
213
214
213
217
218
217
219
217
218
217
213
214
213
215
216
215
213
214
213
205
206
205
207
208
207
205
206
205
209
210
209
211
212
211
209
210
209
205
206
205
207
208
207
205
206
205
189
190
189
191
192
191
189
190
189
193
194
193
195
196
195
193
194
193
189
190
189
191
192
191
189
190
189
197
198
197
199
200
199
197
198
197
201
202
201
203
204
203
201
202
201
197
198
197
199
200
199
197
198
197
189
190
189
191
192
191
189
190
189
193
194
193
195
196
195
193
194
193
189
190
189
191
192
191
189
190
189
126
127
126
128
129
128
126
127
126
130
131
130
132
133
132
130
131
130
126
127
126
128
129
128
126
127
126
134
135
134
136
137
136
134
135
134
138
139
138
140
141
140
138
139
138
134
135
134
136
137
136
134
135
134
126
127
126
128
129
128
126
127
126
130
131
130
132
133
132
130
131
130
126
127
126
128
129
128
126
127
126
142
143
142
144
145
144
142
143
142
146
147
146
148
149
148
146
147
146
142
143
142
144
145
144
142
143
142
150
151
150
152
153
152
150
151
150
154
155
154
156
157
156
154
155
154
150
151
150
152
153
152
150
151
150
142
143
142
144
145
144
142
143
142
146
147
146
148
149
148
146
147
146
142
143
142
144
145
144
142
143
142
126
127
126
128
129
128
126
127
126
130
131
130
132
133
132
130
131
130
126
127
126
128
129
128
126
127
126
134
135
134
136
137
136
134
135
134
138
139
138
140
141
140
138
139
138
134
135
134
136
137
136
134
135
134
126
127
126
128
129
128
126
127
126
130
131
130
132
133
132
130
131
130
126
127
126
128
129
128
126
127
126
158
159
158
160
161
160
158
159
158
162
163
162
164
165
164
162
163
162
158
159
158
160
161
160
158
159
158
166
167
166
168
169
168
166
167
166
170
171
170
172
173
172
170
171
170
166
167
166
168
169
168
166
167
166
158
159
158
160
161
160
158
159
158
162
163
162
164
165
164
162
163
162
158
159
158
160
161
160
158
159
158
174
175
174
176
177
176
174
175
174
178
179
178
180
181
180
178
179
178
174
175
174
176
177
176
174
175
174
182
183
182
184
185
184
182
183
182
186
187
186
188
186
187
186
182
183
182
184
185
184
182
183
182
174
175
174
176
177
176
174
175
174
178
179
178
180
181
180
178
179
178
174
175
174
176
177
176
174
175
174
158
159
158
160
161
160
158
159
158
162
163
162
164
165
164
162
163
162
158
159
158
160
161
160
158
159
158
166
167
166
168
169
168
166
167
166
170
171
170
172
173
172
170
171
170
166
167
166
168
169
168
166
167
166
158
159
158
160
161
160
158
159
158
162
163
162
164
165
164
162
163
162
158
159
158
160
161
160
158
159
158
126
127
126
128
129
128
126
127
126
130
131
130
132
133
132
130
131
130
126
127
126
128
129
128
126
127
126
134
135
134
136
137
136
134
135
134
138
139
138
140
141
140
138
139
138
134
135
134
136
137
136
134
135
134
126
127
126
128
129
128
126
127
126
130
131
130
132
133
132
130
131
130
126
127
126
128
129
128
126
127
126
142
143
142
144
145
144
142
143
142
146
147
146
148
149
148
146
147
146
142
143
142
144
145
144
142
143
142
150
151
150
152
153
152
150
151
150
154
155
154
156
157
156
154
155
154
150
151
150
152
153
152
150
151
150
142
143
142
144
145
144
142
143
142
146
147
146
148
149
148
146
147
146
142
143
142
144
145
144
142
143
142
126
127
126
128
129
128
126
127
126
130
131
130
132
133
132
130
131
130
126
127
126
128
129
128
126
127
126
134
135
134
136
137
136
134
135
134
138
139
138
140
141
140
138
139
138
134
135
134
136
137
136
134
135
134
126
127
126
128
129
128
126
127
126
130
131
130
132
133
132
130
131
130
126
127
126
128
129
128
126
127
126
1
2
1
3
4
3
1
2
1
5
6
5
7
8
7
5
6
5
1
2
1
3
4
3
1
2
1
9
10
9
11
12
11
9
10
9
13
14
13
15
16
15
13
14
13
9
10
9
11
12
11
9
10
9
1
2
1
3
4
3
1
2
1
5
6
5
7
8
7
5
6
5
1
2
1
3
4
3
1
2
1
17
18
17
19
20
19
17
18
17
21
22
21
23
24
23
21
22
21
17
18
17
19
20
19
17
18
17
25
26
25
27
28
27
25
26
25
29
30
29
31
32
31
29
30
29
25
26
25
27
28
27
25
26
25
17
18
17
19
20
19
17
18
17
21
22
21
23
24
23
21
22
21
17
18
17
19
20
19
17
18
17
1
2
1
3
4
3
1
2
1
5
6
5
7
8
7
5
6
5
1
2
1
3
4
3
1
2
1
9
10
9
11
12
11
9
10
9
13
14
13
15
16
15
13
14
13
9
10
9
11
12
11
9
10
9
1
2
1
3
4
3
1
2
1
5
6
5
7
8
7
5
6
5
1
2
1
3
4
3
1
2
1
33
34
33
35
36
35
33
34
33
37
38
37
39
40
39
37
38
37
33
34
33
35
36
35
33
34
33
41
42
41
43
44
43
41
42
41
45
46
45
47
48
47
45
46
45
41
42
41
43
44
43
41
42
41
33
34
33
35
36
35
33
34
33
37
38
37
39
40
39
37
38
37
33
34
33
35
36
35
33
34
33
49
50
49
51
52
51
49
50
49
53
54
53
55
56
55
53
54
53
49
50
49
51
52
51
49
50
49
57
58
57
59
60
59
57
58
57
61
62
61
63
61
62
61
57
58
57
59
60
59
57
58
57
49
50
49
51
52
51
49
50
49
53
54
53
55
56
55
53
54
53
49
50
49
51
52
51
49
50
49
33
34
33
35
36
35
33
34
33
37
38
37
39
40
39
37
38
37
33
34
33
35
36
35
33
34
33
41
42
41
43
44
43
41
42
41
45
46
45
47
48
47
45
46
45
41
42
41
43
44
43
41
42
41
33
34
33
35
36
35
33
34
33
37
38
37
39
40
39
37
38
37
33
34
33
35
36
35
33
34
33
1
2
1
3
4
3
1
2
1
5
6
5
7
8
7
5
6
5
1
2
1
3
4
3
1
2
1
9
10
9
11
12
11
9
10
9
13
14
13
15
16
15
13
14
13
9
10
9
11
12
11
9
10
9
1
2
1
3
4
3
1
2
1
5
6
5
7
8
7
5
6
5
1
2
1
3
4
3
1
2
1
17
18
17
19
20
19
17
18
17
21
22
21
23
24
23
21
22
21
17
18
17
19
20
19
17
18
17
25
26
25
27
28
27
25
26
25
29
30
29
31
32
31
29
30
29
25
26
25
27
28
27
25
26
25
17
18
17
19
20
19
17
18
17
21
22
21
23
24
23
21
22
21
17
18
17
19
20
19
17
18
17
1
2
1
3
4
3
1
2
1
5
6
5
7
8
7
5
6
5
1
2
1
3
4
3
1
2
1
9
10
9
11
12
11
9
10
9
13
14
13
15
16
15
13
14
13
9
10
9
11
12
11
9
10
9
1
2
1
3
4
3
1
2
1
5
6
5
7
8
7
5
6
5
1
2
1
3
4
3
1
2
1
64
65
64
66
67
66
64
65
64
68
69
68
70
71
70
68
69
68
64
65
64
66
67
66
64
65
64
72
73
72
74
75
74
72
73
72
76
77
76
78
79
78
76
77
76
72
73
72
74
75
74
72
73
72
64
65
64
66
67
66
64
65
64
68
69
68
70
71
70
68
69
68
64
65
64
66
67
66
64
65
64
80
81
80
82
83
82
80
81
80
84
85
84
86
87
86
84
85
84
80
81
80
82
83
82
80
81
80
88
89
88
90
91
90
88
89
88
92
93
92
94
92
93
92
88
89
88
90
91
90
88
89
88
80
81
80
82
83
82
80
81
80
84
85
84
86
87
86
84
85
84
80
81
80
82
83
82
80
81
80
64
65
64
66
67
66
64
65
64
68
69
68
70
71
70
68
69
68
64
65
64
66
67
66
64
65
64
72
73
72
74
75
74
72
73
72
76
77
76
78
79
78
76
77
76
72
73
72
74
75
74
72
73
72
64
65
64
66
67
66
64
65
64
68
69
68
70
71
70
68
69
68
64
65
64
66
67
66
64
65
64
95
96
95
97
98
97
95
96
95
99
100
99
101
102
101
99
100
99
95
96
95
97
98
97
95
96
95
103
104
103
105
106
105
103
104
103
107
108
107
109
110
109
107
108
107
103
104
103
105
106
105
103
104
103
95
96
95
97
98
97
95
96
95
99
100
99
101
102
101
99
100
99
95
96
95
97
98
97
95
96
95
111
112
111
113
114
113
111
112
111
115
116
115
117
118
117
115
116
115
111
112
111
113
114
113
111
112
111
119
120
119
121
122
121
119
120
119
123
124
123
125
123
124
123
119
120
119
121
122
121
119
120
119
111
112
111
113
114
113
111
112
111
115
116
115
117
118
117
115
116
115
111
112
111
113
114
113
111
112
111
95
96
95
97
98
97
95
96
95
99
100
99
101
102
101
99
100
99
95
96
95
97
98
97
95
96
95
103
104
103
105
106
105
103
104
103
107
108
107
109
110
109
107
108
107
103
104
103
105
106
105
103
104
103
95
96
95
97
98
97
95
96
95
99
100
99
101
102
101
99
100
99
95
96
95
97
98
97
95
96
95
64
65
64
66
67
66
64
65
64
68
69
68
70
71
70
68
69
68
64
65
64
66
67
66
64
65
64
72
73
72
74
75
74
72
73
72
76
77
76
78
79
78
76
77
76
72
73
72
74
75
74
72
73
72
64
65
64
66
67
66
64
65
64
68
69
68
70
71
70
68
69
68
64
65
64
66
67
66
64
65
64
80
81
80
82
83
82
80
81
80
84
85
84
86
87
86
84
85
84
80
81
80
82
83
82
80
81
80
88
89
88
90
91
90
88
89
88
92
93
92
94
92
93
92
88
89
88
90
91
90
88
89
88
80
81
80
82
83
82
80
81
80
84
85
84
86
87
86
84
85
84
80
81
80
82
83
82
80
81
80
64
65
64
66
67
66
64
65
64
68
69
68
70
71
70
68
69
68
64
65
64
66
67
66
64
65
64
72
73
72
74
75
74
72
73
72
76
77
76
78
79
78
76
77
76
72
73
72
74
75
74
72
73
72
64
65
64
66
67
66
64
65
64
68
69
68
70
71
70
68
69
68
64
65
64
66
67
66
64
65
64
1
2
1
3
4
3
1
2
1
5
6
5
7
8
7
5
6
5
1
2
1
3
4
3
1
2
1
9
10
9
11
12
11
9
10
9
13
14
13
15
16
15
13
14
13
9
10
9
11
12
11
9
10
9
1
2
1
3
4
3
1
2
1
5
6
5
7
8
7
5
6
5
1
2
1
3
4
3
1
2
1
17
18
17
19
20
19
17
18
17
21
22
21
23
24
23
21
22
21
17
18
17
19
20
19
17
18
17
25
26
25
27
28
27
25
26
25
29
30
29
31
32
31
29
30
29
25
26
25
27
28
27
25
26
25
17
18
17
19
20
19
17
18
17
21
22
21
23
24
23
21
22
21
17
18
17
19
20
19
17
18
17
1
2
1
3
4
3
1
2
1
5
6
5
7
8
7
5
6
5
1
2
1
3
4
3
1
2
1
9
10
9
11
12
11
9
10
9
13
14
13
15
16
15
13
14
13
9
10
9
11
12
11
9
10
9
1
2
1
3
4
3
1
2
1
5
6
5
7
8
7
5
6
5
1
2
1
3
4
3
1
2
1
33
34
33
35
36
35
33
34
33
37
38
37
39
40
39
37
38
37
33
34
33
35
36
35
33
34
33
41
42
41
43
44
43
41
42
41
45
46
45
47
48
47
45
46
45
41
42
41
43
44
43
41
42
41
33
34
33
35
36
35
33
34
33
37
38
37
39
40
39
37
38
37
33
34
33
35
36
35
33
34
33
49
50
49
51
52
51
49
50
49
53
54
53
55
56
55
53
54
53
49
50
49
51
52
51
49
50
49
57
58
57
59
60
59
57
58
57
61
62
61
63
61
62
61
57
58
57
59
60
59
57
58
57
49
50
49
51
52
51
49
50
49
53
54
53
55
56
55
53
54
53
49
50
49
51
52
51
49
50
49
33
34
33
35
36
35
33
34
33
37
38
37
39
40
39
37
38
37
33
34
33
35
36
35
33
34
33
41
42
41
43
44
43
41
42
41
45
46
45
47
48
47
45
46
45
41
42
41
43
44
43
41
42
41
33
34
33
35
36
35
33
34
33
37
38
37
39
40
39
37
38
37
33
34
33
35
36
35
33
34
33
1
2
1
3
4
3
1
2
1
5
6
5
7
8
7
5
6
5
1
2
1
3
4
3
1
2
1
9
10
9
11
12
11
9
10
9
13
14
13
15
16
15
13
14
13
9
10
9
11
12
11
9
10
9
1
2
1
3
4
3
1
2
1
5
6
5
7
8
7
5
6
5
1
2
1
3
4
3
1
2
1
17
18
17
19
20
19
17
18
17
21
22
21
23
24
23
21
22
21
17
18
17
19
20
19
17
18
17
25
26
25
27
28
27
25
26
25
29
30
29
31
32
31
29
30
29
25
26
25
27
28
27
25
26
25
17
18
17
19
20
19
17
18
17
21
22
21
23
24
23
21
22
21
17
18
17
19
20
19
17
18
17
1
2
1
3
4
3
1
2
1
5
6
5
7
8
7
5
6
5
1
2
1
3
4
3
1
2
1
9
10
9
11
12
11
9
10
9
13
14
13
15
16
15
13
14
13
9
10
9
11
12
11
9
10
9
1
2
1
3
4
3
1
2
1
5
6
5
7
8
7
5
6
5
1
2
1
3
4
3
1
2
1
251
252
251
253
254
253
251
252
251
255
256
255
257
258
257
255
256
255
251
252
251
253
254
253
251
252
251
259
260
259
261
262
261
259
260
259
263
264
263
265
266
265
263
264
263
259
260
259
261
262
261
259
260
259
251
252
251
253
254
253
251
252
251
255
256
255
257
258
257
255
256
255
251
252
251
253
254
253
251
252
251
267
268
267
269
270
269
267
268
267
271
272
271
273
274
273
271
272
271
267
268
267
269
270
269
267
268
267
275
276
275
277
278
277
275
276
275
279
280
279
281
282
281
279
280
279
275
276
275
277
278
277
275
276
275
267
268
267
269
270
269
267
268
267
271
272
271
273
274
273
271
272
271
267
268
267
269
270
269
267
268
267
251
252
251
253
254
253
251
252
251
255
256
255
257
258
257
255
256
255
251
252
251
253
254
253
251
252
251
259
260
259
261
262
261
259
260
259
263
264
263
265
266
265
263
264
263
259
260
259
261
262
261
259
260
259
251
252
251
253
254
253
251
252
251
255
256
255
257
258
257
255
256
255
251
252
251
253
254
253
251
252
251
283
284
283
285
286
285
283
284
283
287
288
287
289
290
289
287
288
287
283
284
283
285
286
285
283
284
283
291
292
291
293
294
293
291
292
291
295
296
295
297
298
297
295
296
295
291
292
291
293
294
293
291
292
291
283
284
283
285
286
285
283
284
283
287
288
287
289
290
289
287
288
287
283
284
283
285
286
285
283
284
283
299
300
299
301
302
301
299
300
299
303
304
303
305
306
305
303
304
303
299
300
299
301
302
301
299
300
299
307
308
307
309
310
309
307
308
307
311
312
311
313
311
312
311
307
308
307
309
310
309
307
308
307
299
300
299
301
302
301
299
300
299
303
304
303
305
306
305
303
304
303
299
300
299
301
302
301
299
300
299
283
284
283
285
286
285
283
284
283
287
288
287
289
290
289
287
288
287
283
284
283
285
286
285
283
284
283
291
292
291
293
294
293
291
292
291
295
296
295
297
298
297
295
296
295
291
292
291
293
294
293
291
292
291
283
284
283
285
286
285
283
284
283
287
288
287
289
290
289
287
288
287
283
284
283
285
286
285
283
284
283
251
252
251
253
254
253
251
252
251
255
256
255
257
258
257
255
256
255
251
252
251
253
254
253
251
252
251
259
260
259
261
262
261
259
260
259
263
264
263
265
266
265
263
264
263
259
260
259
261
262
261
259
260
259
251
252
251
253
254
253
251
252
251
255
256
255
257
258
257
255
256
255
251
252
251
253
254
253
251
252
251
267
268
267
269
270
269
267
268
267
271
272
271
273
274
273
271
272
271
267
268
267
269
270
269
267
268
267
275
276
275
277
278
277
275
276
275
279
280
279
281
282
281
279
280
279
275
276
275
277
278
277
275
276
275
267
268
267
269
270
269
267
268
267
271
272
271
273
274
273
271
272
271
267
268
267
269
270
269
267
268
267
251
252
251
253
254
253
251
252
251
255
256
255
257
258
257
255
256
255
251
252
251
253
254
253
251
252
251
259
260
259
261
262
261
259
260
259
263
264
263
265
266
265
263
264
263
259
260
259
261
262
261
259
260
259
251
252
251
253
254
253
251
252
251
255
256
255
257
258
257
255
256
255
251
252
251
253
254
253
251
252
251
314
315
314
316
317
316
314
315
314
318
319
318
320
321
320
318
319
318
314
315
314
316
317
316
314
315
314
322
323
322
324
325
324
322
323
322
326
327
326
328
329
328
326
327
326
322
323
322
324
325
324
322
323
322
314
315
314
316
317
316
314
315
314
318
319
318
320
321
320
318
319
318
314
315
314
316
317
316
314
315
314
330
331
330
332
333
332
330
331
330
334
335
334
336
337
336
334
335
334
330
331
330
332
333
332
330
331
330
338
339
338
340
341
340
338
339
338
342
343
342
344
342
343
342
338
339
338
340
341
340
338
339
338
330
331
330
332
333
332
330
331
330
334
335
334
336
337
336
334
335
334
330
331
330
332
333
332
330
331
330
314
315
314
316
317
316
314
315
314
318
319
318
320
321
320
318
319
318
314
315
314
316
317
316
314
315
314
322
323
322
324
325
324
322
323
322
326
327
326
328
329
328
326
327
326
322
323
322
324
325
324
322
323
322
314
315
314
316
317
316
314
315
314
318
319
318
320
321
320
318
319
318
314
315
314
316
317
316
314
315
314
345
346
345
347
348
347
345
346
345
349
350
349
351
352
351
349
350
349
345
346
345
347
348
347
345
346
345
353
354
353
355
356
355
353
354
353
357
358
357
359
360
359
357
358
357
353
354
353
355
356
355
353
354
353
345
346
345
347
348
347
345
346
345
349
350
349
351
352
351
349
350
349
345
346
345
347
348
347
345
346
345
361
362
361
363
364
363
361
362
361
365
366
365
367
368
367
365
366
365
361
362
361
363
364
363
361
362
361
369
370
369
371
372
371
369
370
369
373
374
373
375
373
374
373
369
370
369
371
372
371
369
370
369
361
362
361
363
364
363
361
362
361
365
366
365
367
368
367
365
366
365
361
362
361
363
364
363
361
362
361
345
346
345
347
348
347
345
346
345
349
350
349
351
352
351
349
350
349
345
346
345
347
348
347
345
346
345
353
354
353
355
356
355
353
354
353
357
358
357
359
360
359
357
358
357
353
354
353
355
356
355
353
354
353
345
346
345
347
348
347
345
346
345
349
350
349
351
352
351
349
350
349
345
346
345
347
348
347
345
346
345
314
315
314
316
317
316
314
315
314
318
319
318
320
321
320
318
319
318
314
315
314
316
317
316
314
315
314
322
323
322
324
325
324
322
323
322
326
327
326
328
329
328
326
327
326
322
323
322
324
325
324
322
323
322
314
315
314
316
317
316
314
315
314
318
319
318
320
321
320
318
319
318
314
315
314
316
317
316
314
315
314
330
331
330
332
333
332
330
331
330
334
335
334
336
337
336
334
335
334
330
331
330
332
333
332
330
331
330
338
339
338
340
341
340
338
339
338
342
343
342
344
342
343
342
338
339
338
340
341
340
338
339
338
330
331
330
332
333
332
330
331
330
334
335
334
336
337
336
334
335
334
330
331
330
332
333
332
330
331
330
314
315
314
316
317
316
314
315
314
318
319
318
320
321
320
318
319
318
314
315
314
316
317
316
314
315
314
322
323
322
324
325
324
322
323
322
326
327
326
328
329
328
326
327
326
322
323
322
324
325
324
322
323
322
314
315
314
316
317
316
314
315
314
318
319
318
320
321
320
318
319
318
314
315
314
316
317
316
314
315
314
251
252
251
253
254
253
251
252
251
255
256
255
257
258
257
255
256
255
251
252
251
253
254
253
251
252
251
259
260
259
261
262
261
259
260
259
263
264
263
265
266
265
263
264
263
259
260
259
261
262
261
259
260
259
251
252
251
253
254
253
251
252
251
255
256
255
257
258
257
255
256
255
251
252
251
253
254
253
251
252
251
267
268
267
269
270
269
267
268
267
271
272
271
273
274
273
271
272
271
267
268
267
269
270
269
267
268
267
275
276
275
277
278
277
275
276
275
279
280
279
281
282
281
279
280
279
275
276
275
277
278
277
275
276
275
267
268
267
269
270
269
267
268
267
271
272
271
273
274
273
271
272
271
267
268
267
269
270
269
267
268
267
251
252
251
253
254
253
251
252
251
255
256
255
257
258
257
255
256
255
251
252
251
253
254
253
251
252
251
259
260
259
261
262
261
259
260
259
263
264
263
265
266
265
263
264
263
259
260
259
261
262
261
259
260
259
251
252
251
253
254
253
251
252
251
255
256
255
257
258
257
255
256
255
251
252
251
253
254
253
251
252
251
283
284
283
285
286
285
283
284
283
287
288
287
289
290
289
287
288
287
283
284
283
285
286
285
283
284
283
291
292
291
293
294
293
291
292
291
295
296
295
297
298
297
295
296
295
291
292
291
293
294
293
291
292
291
283
284
283
285
286
285
283
284
283
287
288
287
289
290
289
287
288
287
283
284
283
285
286
285
283
284
283
299
300
299
301
302
301
299
300
299
303
304
303
305
306
305
303
304
303
299
300
299
301
302
301
299
300
299
307
308
307
309
310
309
307
308
307
311
312
311
313
311
312
311
307
308
307
309
310
309
307
308
307
299
300
299
301
302
301
299
300
299
303
304
303
305
306
305
303
304
303
299
300
299
301
302
301
299
300
299
283
284
283
285
286
285
283
284
283
287
288
287
289
290
289
287
288
287
283
284
283
285
286
285
283
284
283
291
292
291
293
294
293
291
292
291
295
296
295
297
298
297
295
296
295
291
292
291
293
294
293
291
292
291
283
284
283
285
286
285
283
284
283
287
288
287
289
290
289
287
288
287
283
284
283
285
286
285
283
284
283
251
252
251
253
254
253
251
252
251
255
256
255
257
258
257
255
256
255
251
252
251
253
254
253
251
252
251
259
260
259
261
262
261
259
260
259
263
264
263
265
266
265
263
264
263
259
260
259
261
262
261
259
260
259
251
252
251
253
254
253
251
252
251
255
256
255
257
258
257
255
256
255
251
252
251
253
254
253
251
252
251
267
268
267
269
270
269
267
268
267
271
272
271
273
274
273
271
272
271
267
268
267
269
270
269
267
268
267
275
276
275
277
278
277
275
276
275
279
280
279
281
282
281
279
280
279
275
276
275
277
278
277
275
276
275
267
268
267
269
270
269
267
268
267
271
272
271
273
274
273
271
272
271
267
268
267
269
270
269
267
268
267
251
252
251
253
254
253
251
252
251
255
256
255
257
258
257
255
256
255
251
252
251
253
254
253
251
252
251
259
260
259
261
262
261
259
260
259
263
264
263
265
266
265
263
264
263
259
260
259
261
262
261
259
260
259
251
252
251
253
254
253
251
252
251
255
256
255
257
258
257
255
256
255
251
252
251
253
254
253
251
252
251
376
377
376
378
379
378
376
377
376
380
381
380
382
383
382
380
381
380
376
377
376
378
379
378
376
377
376
384
385
384
386
387
386
384
385
384
388
389
388
390
391
390
388
389
388
384
385
384
386
387
386
384
385
384
376
377
376
378
379
378
376
377
376
380
381
380
382
383
382
380
381
380
376
377
376
378
379
378
376
377
376
392
393
392
394
395
394
392
393
392
396
397
396
398
399
398
396
397
396
392
393
392
394
395
394
392
393
392
400
401
400
402
403
402
400
401
400
404
405
404
406
407
406
404
405
404
400
401
400
402
403
402
400
401
400
392
393
392
394
395
394
392
393
392
396
397
396
398
399
398
396
397
396
392
393
392
394
395
394
392
393
392
376
377
376
378
379
378
376
377
376
380
381
380
382
383
382
380
381
380
376
377
376
378
379
378
376
377
376
384
385
384
386
387
386
384
385
384
388
389
388
390
391
390
388
389
388
384
385
384
386
387
386
384
385
384
376
377
376
378
379
378
376
377
376
380
381
380
382
383
382
380
381
380
376
377
376
378
379
378
376
377
376
408
409
408
410
411
410
408
409
408
412
413
412
414
415
414
412
413
412
408
409
408
410
411
410
408
409
408
416
417
416
418
419
418
416
417
416
420
421
420
422
423
422
420
421
420
416
417
416
418
419
418
416
417
416
408
409
408
410
411
410
408
409
408
412
413
412
414
415
414
412
413
412
408
409
408
410
411
410
408
409
408
424
425
424
426
427
426
424
425
424
428
429
428
430
431
430
428
429
428
424
425
424
426
427
426
424
425
424
432
433
432
434
435
434
432
433
432
436
437
436
438
436
437
436
432
433
432
434
435
434
432
433
432
424
425
424
426
427
426
424
425
424
428
429
428
430
431
430
428
429
428
424
425
424
426
427
426
424
425
424
408
409
408
410
411
410
408
409
408
412
413
412
414
415
414
412
413
412
408
409
408
410
411
410
408
409
408
416
417
416
418
419
418
416
417
416
420
421
420
422
423
422
420
421
420
416
417
416
418
419
418
416
417
416
408
409
408
410
411
410
408
409
408
412
413
412
414
415
414
412
413
412
408
409
408
410
411
410
408
409
408
376
377
376
378
379
378
376
377
376
380
381
380
382
383
382
380
381
380
376
377
376
378
379
378
376
377
376
384
385
384
386
387
386
384
385
384
388
389
388
390
391
390
388
389
388
384
385
384
386
387
386
384
385
384
376
377
376
378
379
378
376
377
376
380
381
380
382
383
382
380
381
380
376
377
376
378
379
378
376
377
376
392
393
392
394
395
394
392
393
392
396
397
396
398
399
398
396
397
396
392
393
392
394
395
394
392
393
392
400
401
400
402
403
402
400
401
400
404
405
404
406
407
406
404
405
404
400
401
400
402
403
402
400
401
400
392
393
392
394
395
394
392
393
392
396
397
396
398
399
398
396
397
396
392
393
392
394
395
394
392
393
392
376
377
376
378
379
378
376
377
376
380
381
380
382
383
382
380
381
380
376
377
376
378
379
378
376
377
376
384
385
384
386
387
386
384
385
384
388
389
388
390
391
390
388
389
388
384
385
384
386
387
386
384
385
384
376
377
376
378
379
378
376
377
376
380
381
380
382
383
382
380
381
380
376
377
376
378
379
378
376
377
376
439
440
439
441
442
441
439
440
439
443
444
443
445
446
445
443
444
443
439
440
439
441
442
441
439
440
439
447
448
447
449
450
449
447
448
447
451
452
451
453
454
453
451
452
451
447
448
447
449
450
449
447
448
447
439
440
439
441
442
441
439
440
439
443
444
443
445
446
445
443
444
443
439
440
439
441
442
441
439
440
439
455
456
455
457
458
457
455
456
455
459
460
459
461
462
461
459
460
459
455
456
455
457
458
457
455
456
455
463
464
463
465
466
465
463
464
463
467
468
467
469
467
468
467
463
464
463
465
466
465
463
464
463
455
456
455
457
458
457
455
456
455
459
460
459
461
462
461
459
460
459
455
456
455
457
458
457
455
456
455
439
440
439
441
442
441
439
440
439
443
444
443
445
446
445
443
444
443
439
440
439
441
442
441
439
440
439
447
448
447
449
450
449
447
448
447
451
452
451
453
454
453
451
452
451
447
448
447
449
450
449
447
448
447
439
440
439
441
442
441
439
440
439
443
444
443
445
446
445
443
444
443
439
440
439
441
442
441
439
440
439
470
471
470
472
473
472
470
471
470
474
475
474
476
477
476
474
475
474
470
471
470
472
473
472
470
471
470
478
479
478
480
481
480
478
479
478
482
483
482
484
485
484
482
483
482
478
479
478
480
481
480
478
479
478
470
471
470
472
473
472
470
471
470
474
475
474
476
477
476
474
475
474
470
471
470
472
473
472
470
471
470
486
487
486
488
489
488
486
487
486
490
491
490
492
493
492
490
491
490
486
487
486
488
489
488
486
487
486
494
495
494
496
497
496
494
495
494
498
499
498
500
498
499
498
494
495
494
496
497
496
494
495
494
486
487
486
488
489
488
486
487
486
490
491
490
492
493
492
490
491
490
486
487
486
488
489
488
486
487
486
470
471
470
472
473
472
470
471
470
474
475
474
476
477
476
474
475
474
470
471
470
472
473
472
470
471
470
478
479
478
480
481
480
478
479
478
482
483
482
484
485
484
482
483
482
478
479
478
480
481
480
478
479
478
470
471
470
472
473
472
470
471
470
474
475
474
476
477
476
474
475
474
470
471
470
472
473
472
470
471
470
439
440
439
441
442
441
439
440
439
443
444
443
445
446
445
443
444
443
439
440
439
441
442
441
439
440
439
447
448
447
449
450
449
447
448
447
451
452
451
453
454
453
451
452
451
447
448
447
449
450
449
447
448
447
439
440
439
441
442
441
439
440
439
443
444
443
445
446
445
443
444
443
439
440
439
441
442
441
439
440
439
455
456
455
457
458
457
455
456
455
459
460
459
461
462
461
459
460
459
455
456
455
457
458
457
455
456
455
463
464
463
465
466
465
463
464
463
467
468
467
469
467
468
467
463
464
463
465
466
465
463
464
463
455
456
455
457
458
457
455
456
455
459
460
459
461
462
461
459
460
459
455
456
455
457
458
457
455
456
455
439
440
439
441
442
441
439
440
439
443
444
443
445
446
445
443
444
443
439
440
439
441
442
441
439
440
439
447
448
447
449
450
449
447
448
447
451
452
451
453
454
453
451
452
451
447
448
447
449
450
449
447
448
447
439
440
439
441
442
441
439
440
439
443
444
443
445
446
445
443
444
443
439
440
439
441
442
441
439
440
439
376
377
376
378
379
378
376
377
376
380
381
380
382
383
382
380
381
380
376
377
376
378
379
378
376
377
376
384
385
384
386
387
386
384
385
384
388
389
388
390
391
390
388
389
388
384
385
384
386
387
386
384
385
384
376
377
376
378
379
378
376
377
376
380
381
380
382
383
382
380
381
380
376
377
376
378
379
378
376
377
376
392
393
392
394
395
394
392
393
392
396
397
396
398
399
398
396
397
396
392
393
392
394
395
394
392
393
392
400
401
400
402
403
402
400
401
400
404
405
404
406
407
406
404
405
404
400
401
400
402
403
402
400
401
400
392
393
392
394
395
394
392
393
392
396
397
396
398
399
398
396
397
396
392
393
392
394
395
394
392
393
392
376
377
376
378
379
378
376
377
376
380
381
380
382
383
382
380
381
380
376
377
376
378
379
378
376
377
376
384
385
384
386
387
386
384
385
384
388
389
388
390
391
390
388
389
388
384
385
384
386
387
386
384
385
384
376
377
376
378
379
378
376
377
376
380
381
380
382
383
382
380
381
380
376
377
376
378
379
378
376
377
376
408
409
408
410
411
410
408
409
408
412
413
412
414
415
414
412
413
412
408
409
408
410
411
410
408
409
408
416
417
416
418
419
418
416
417
416
420
421
420
422
423
422
420
421
420
416
417
416
418
419
418
416
417
416
408
409
408
410
411
410
408
409
408
412
413
412
414
415
414
412
413
412
408
409
408
410
411
410
408
409
408
424
425
424
426
427
426
424
425
424
428
429
428
430
431
430
428
429
428
424
425
424
426
427
426
424
425
424
432
433
432
434
435
434
432
433
432
436
437
436
438
436
437
436
432
433
432
434
435
434
432
433
432
424
425
424
426
427
426
424
425
424
428
429
428
430
431
430
428
429
428
424
425
424
426
427
426
424
425
424
408
409
408
410
411
410
408
409
408
412
413
412
414
415
414
412
413
412
408
409
408
410
411
410
408
409
408
416
417
416
418
419
418
416
417
416
420
421
420
422
423
422
420
421
420
416
417
416
418
419
418
416
417
416
408
409
408
410
411
410
408
409
408
412
413
412
414
415
414
412
413
412
408
409
408
410
411
410
408
409
408
376
377
376
378
379
378
376
377
376
380
381
380
382
383
382
380
381
380
376
377
376
378
379
378
376
377
376
384
385
384
386
387
386
384
385
384
388
389
388
390
391
390
388
389
388
384
385
384
386
387
386
384
385
384
376
377
376
378
379
378
376
377
376
380
381
380
382
383
382
380
381
380
376
377
376
378
379
378
376
377
376
392
393
392
394
395
394
392
393
392
396
397
396
398
399
398
396
397
396
392
393
392
394
395
394
392
393
392
400
401
400
402
403
402
400
401
400
404
405
404
406
407
406
404
405
404
400
401
400
402
403
402
400
401
400
392
393
392
394
395
394
392
393
392
396
397
396
398
399
398
396
397
396
392
393
392
394
395
394
392
393
392
376
377
376
378
379
378
376
377
376
380
381
380
382
383
382
380
381
380
376
377
376
378
379
378
376
377
376
384
385
384
386
387
386
384
385
384
388
389
388
390
391
390
388
389
388
384
385
384
386
387
386
384
385
384
376
377
376
378
379
378
376
377
376
380
381
380
382
383
382
380
381
380
376
377
376
378
379
378
376
377
376
251
252
251
253
254
253
251
252
251
255
256
255
257
258
257
255
256
255
251
252
251
253
254
253
251
252
251
259
260
259
261
262
261
259
260
259
263
264
263
265
266
265
263
264
263
259
260
259
261
262
261
259
260
259
251
252
251
253
254
253
251
252
251
255
256
255
257
258
257
255
256
255
251
252
251
253
254
253
251
252
251
267
268
267
269
270
269
267
268
267
271
272
271
273
274
273
271
272
271
267
268
267
269
270
269
267
268
267
275
276
275
277
278
277
275
276
275
279
280
279
281
282
281
279
280
279
275
276
275
277
278
277
275
276
275
267
268
267
269
270
269
267
268
267
271
272
271
273
274
273
271
272
271
267
268
267
269
270
269
267
268
267
251
252
251
253
254
253
251
252
251
255
256
255
257
258
257
255
256
255
251
252
251
253
254
253
251
252
251
259
260
259
261
262
261
259
260
259
263
264
263
265
266
265
263
264
263
259
260
259
261
262
261
259
260
259
251
252
251
253
254
253
251
252
251
255
256
255
257
258
257
255
256
255
251
252
251
253
254
253
251
252
251
283
284
283
285
286
285
283
284
283
287
288
287
289
290
289
287
288
287
283
284
283
285
286
285
283
284
283
291
292
291
293
294
293
291
292
291
295
296
295
297
298
297
295
296
295
291
292
291
293
294
293
291
292
291
283
284
283
285
286
285
283
284
283
287
288
287
289
290
289
287
288
287
283
284
283
285
286
285
283
284
283
299
300
299
301
302
301
299
300
299
303
304
303
305
306
305
303
304
303
299
300
299
301
302
301
299
300
299
307
308
307
309
310
309
307
308
307
311
312
311
313
311
312
311
307
308
307
309
310
309
307
308
307
299
300
299
301
302
301
299
300
299
303
304
303
305
306
305
303
304
303
299
300
299
301
302
301
299
300
299
283
284
283
285
286
285
283
284
283
287
288
287
289
290
289
287
288
287
283
284
283
285
286
285
283
284
283
291
292
291
293
294
293
291
292
291
295
296
295
297
298
297
295
296
295
291
292
291
293
294
293
291
292
291
283
284
283
285
286
285
283
284
283
287
288
287
289
290
289
287
288
287
283
284
283
285
286
285
283
284
283
251
252
251
253
254
253
251
252
251
255
256
255
257
258
257
255
256
255
251
252
251
253
254
253
251
252
251
259
260
259
261
262
261
259
260
259
263
264
263
265
266
265
263
264
263
259
260
259
261
262
261
259
260
259
251
252
251
253
254
253
251
252
251
255
256
255
257
258
257
255
256
255
251
252
251
253
254
253
251
252
251
267
268
267
269
270
269
267
268
267
271
272
271
273
274
273
271
272
271
267
268
267
269
270
269
267
268
267
275
276
275
277
278
277
275
276
275
279
280
279
281
282
281
279
280
279
275
276
275
277
278
277
275
276
275
267
268
267
269
270
269
267
268
267
271
272
271
273
274
273
271
272
271
267
268
267
269
270
269
267
268
267
251
252
251
253
254
253
251
252
251
255
256
255
257
258
257
255
256
255
251
252
251
253
254
253
251
252
251
259
260
259
261
262
261
259
260
259
263
264
263
265
266
265
263
264
263
259
260
259
261
262
261
259
260
259
251
252
251
253
254
253
251
252
251
255
256
255
257
258
257
255
256
255
251
252
251
253
254
253
251
252
251
314
315
314
316
317
316
314
315
314
318
319
318
320
321
320
318
319
318
314
315
314
316
317
316
314
315
314
322
323
322
324
325
324
322
323
322
326
327
326
328
329
328
326
327
326
322
323
322
324
325
324
322
323
322
314
315
314
316
317
316
314
315
314
318
319
318
320
321
320
318
319
318
314
315
314
316
317
316
314
315
314
330
331
330
332
333
332
330
331
330
334
335
334
336
337
336
334
335
334
330
331
330
332
333
332
330
331
330
338
339
338
340
341
340
338
339
338
342
343
342
344
342
343
342
338
339
338
340
341
340
338
339
338
330
331
330
332
333
332
330
331
330
334
335
334
336
337
336
334
335
334
330
331
330
332
333
332
330
331
330
314
315
314
316
317
316
314
315
314
318
319
318
320
321
320
318
319
318
314
315
314
316
317
316
314
315
314
322
323
322
324
325
324
322
323
322
326
327
326
328
329
328
326
327
326
322
323
322
324
325
324
322
323
322
314
315
314
316
317
316
314
315
314
318
319
318
320
321
320
318
319
318
314
315
314
316
317
316
314
315
314
345
346
345
347
348
347
345
346
345
349
350
349
351
352
351
349
350
349
345
346
345
347
348
347
345
346
345
353
354
353
355
356
355
353
354
353
357
358
357
359
360
359
357
358
357
353
354
353
355
356
355
353
354
353
345
346
345
347
348
347
345
346
345
349
350
349
351
352
351
349
350
349
345
346
345
347
348
347
345
346
345
361
362
361
363
364
363
361
362
361
365
366
365
367
368
367
365
366
365
361
362
361
363
364
363
361
362
361
369
370
369
371
372
371
369
370
369
373
374
373
375
373
374
373
369
370
369
371
372
371
369
370
369
361
362
361
363
364
363
361
362
361
365
366
365
367
368
367
365
366
365
361
362
361
363
364
363
361
362
361
345
346
345
347
348
347
345
346
345
349
350
349
351
352
351
349
350
349
345
346
345
347
348
347
345
346
345
353
354
353
355
356
355
353
354
353
357
358
357
359
360
359
357
358
357
353
354
353
355
356
355
353
354
353
345
346
345
347
348
347
345
346
345
349
350
349
351
352
351
349
350
349
345
346
345
347
348
347
345
346
345
314
315
314
316
317
316
314
315
314
318
319
318
320
321
320
318
319
318
314
315
314
316
317
316
314
315
314
322
323
322
324
325
324
322
323
322
326
327
326
328
329
328
326
327
326
322
323
322
324
325
324
322
323
322
314
315
314
316
317
316
314
315
314
318
319
318
320
321
320
318
319
318
314
315
314
316
317
316
314
315
314
330
331
330
332
333
332
330
331
330
334
335
334
336
337
336
334
335
334
330
331
330
332
333
332
330
331
330
338
339
338
340
341
340
338
339
338
342
343
342
344
342
343
342
338
339
338
340
341
340
338
339
338
330
331
330
332
333
332
330
331
330
334
335
334
336
337
336
334
335
334
330
331
330
332
333
332
330
331
330
314
315
314
316
317
316
314
315
314
318
319
318
320
321
320
318
319
318
314
315
314
316
317
316
314
315
314
322
323
322
324
325
324
322
323
322
326
327
326
328
329
328
326
327
326
322
323
322
324
325
324
322
323
322
314
315
314
316
317
316
314
315
314
318
319
318
320
321
320
318
319
318
314
315
314
316
317
316
314
315
314
251
252
251
253
254
253
251
252
251
255
256
255
257
258
257
255
256
255
251
252
251
253
254
253
251
252
251
259
260
259
261
262
261
259
260
259
263
264
263
265
266
265
263
264
263
259
260
259
261
262
261
259
260
259
251
252
251
253
254
253
251
252
251
255
256
255
257
258
257
255
256
255
251
252
251
253
254
253
251
252
251
267
268
267
269
270
269
267
268
267
271
272
271
273
274
273
271
272
271
267
268
267
269
270
269
267
268
267
275
276
275
277
278
277
275
276
275
279
280
279
281
282
281
279
280
279
275
276
275
277
278
277
275
276
275
267
268
267
269
270
269
267
268
267
271
272
271
273
274
273
271
272
271
267
268
267
269
270
269
267
268
267
251
252
251
253
254
253
251
252
251
255
256
255
257
258
257
255
256
255
251
252
251
253
254
253
251
252
251
259
260
259
261
262
261
259
260
259
263
264
263
265
266
265
263
264
263
259
260
259
261
262
261
259
260
259
251
252
251
253
254
253
251
252
251
255
256
255
257
258
257
255
256
255
251
252
251
253
254
253
251
252
251
283
284
283
285
286
285
283
284
283
287
288
287
289
290
289
287
288
287
283
284
283
285
286
285
283
284
283
291
292
291
293
294
293
291
292
291
295
296
295
297
298
297
295
296
295
291
292
291
293
294
293
291
292
291
283
284
283
285
286
285
283
284
283
287
288
287
289
290
289
287
288
287
283
284
283
285
286
285
283
284
283
299
300
299
301
302
301
299
300
299
303
304
303
305
306
305
303
304
303
299
300
299
301
302
301
299
300
299
307
308
307
309
310
309
307
308
307
311
312
311
313
311
312
311
307
308
307
309
310
309
307
308
307
299
300
299
301
302
301
299
300
299
303
304
303
305
306
305
303
304
303
299
300
299
301
302
301
299
300
299
283
284
283
285
286
285
283
284
283
287
288
287
289
290
289
287
288
287
283
284
283
285
286
285
283
284
283
291
292
291
293
294
293
291
292
291
295
296
295
297
298
297
295
296
295
291
292
291
293
294
293
291
292
291
283
284
283
285
286
285
283
284
283
287
288
287
289
290
289
287
288
287
283
284
283
285
286
285
283
284
283
251
252
251
253
254
253
251
252
251
255
256
255
257
258
257
255
256
255
251
252
251
253
254
253
251
252
251
259
260
259
261
262
261
259
260
259
263
264
263
265
266
265
263
264
263
259
260
259
261
262
261
259
260
259
251
252
251
253
254
253
251
252
251
255
256
255
257
258
257
255
256
255
251
252
251
253
254
253
251
252
251
267
268
267
269
270
269
267
268
267
271
272
271
273
274
273
271
272
271
267
268
267
269
270
269
267
268
267
275
276
275
277
278
277
275
276
275
279
280
279
281
282
281
279
280
279
275
276
275
277
278
277
275
276
275
267
268
267
269
270
269
267
268
267
271
272
271
273
274
273
271
272
271
267
268
267
269
270
269
267
268
267
251
252
251
253
254
253
251
252
251
255
256
255
257
258
257
255
256
255
251
252
251
253
254
253
251
252
251
259
260
259
261
262
261
259
260
259
263
264
263
265
266
265
263
264
263
259
260
259
261
262
261
259
260
259
251
252
251
253
254
253
251
252
251
255
256
255
257
258
257
255
256
255
251
252
251
253
254
253
251
252
251
1
2
1
3
4
3
1
2
1
5
6
5
7
8
7
5
6
5
1
2
1
3
4
3
1
2
1
9
10
9
11
12
11
9
10
9
13
14
13
15
16
15
13
14
13
9
10
9
11
12
11
9
10
9
1
2
1
3
4
3
1
2
1
5
6
5
7
8
7
5
6
5
1
2
1
3
4
3
1
2
1
17
18
17
19
20
19
17
18
17
21
22
21
23
24
23
21
22
21
17
18
17
19
20
19
17
18
17
25
26
25
27
28
27
25
26
25
29
30
29
31
32
31
29
30
29
25
26
25
27
28
27
25
26
25
17
18
17
19
20
19
17
18
17
21
22
21
23
24
23
21
22
21
17
18
17
19
20
19
17
18
17
1
2
1
3
4
3
1
2
1
5
6
5
7
8
7
5
6
5
1
2
1
3
4
3
1
2
1
9
10
9
11
12
11
9
10
9
13
14
13
15
16
15
13
14
13
9
10
9
11
12
11
9
10
9
1
2
1
3
4
3
1
2
1
5
6
5
7
8
7
5
6
5
1
2
1
3
4
3
1
2
1
33
34
33
35
36
35
33
34
33
37
38
37
39
40
39
37
38
37
33
34
33
35
36
35
33
34
33
41
42
41
43
44
43
41
42
41
45
46
45
47
48
47
45
46
45
41
42
41
43
44
43
41
42
41
33
34
33
35
36
35
33
34
33
37
38
37
39
40
39
37
38
37
33
34
33
35
36
35
33
34
33
49
50
49
51
52
51
49
50
49
53
54
53
55
56
55
53
54
53
49
50
49
51
52
51
49
50
49
57
58
57
59
60
59
57
58
57
61
62
61
63
61
62
61
57
58
57
59
60
59
57
58
57
49
50
49
51
52
51
49
50
49
53
54
53
55
56
55
53
54
53
49
50
49
51
52
51
49
50
49
33
34
33
35
36
35
33
34
33
37
38
37
39
40
39
37
38
37
33
34
33
35
36
35
33
34
33
41
42
41
43
44
43
41
42
41
45
46
45
47
48
47
45
46
45
41
42
41
43
44
43
41
42
41
33
34
33
35
36
35
33
34
33
37
38
37
39
40
39
37
38
37
33
34
33
35
36
35
33
34
33
1
2
1
3
4
3
1
2
1
5
6
5
7
8
7
5
6
5
1
2
1
3
4
3
1
2
1
9
10
9
11
12
11
9
10
9
13
14
13
15
16
15
13
14
13
9
10
9
11
12
11
9
10
9
1
2
1
3
4
3
1
2
1
5
6
5
7
8
7
5
6
5
1
2
1
3
4
3
1
2
1
17
18
17
19
20
19
17
18
17
21
22
21
23
24
23
21
22
21
17
18
17
19
20
19
17
18
17
25
26
25
27
28
27
25
26
25
29
30
29
31
32
31
29
30
29
25
26
25
27
28
27
25
26
25
17
18
17
19
20
19
17
18
17
21
22
21
23
24
23
21
22
21
17
18
17
19
20
19
17
18
17
1
2
1
3
4
3
1
2
1
5
6
5
7
8
7
5
6
5
1
2
1
3
4
3
1
2
1
9
10
9
11
12
11
9
10
9
13
14
13
15
16
15
13
14
13
9
10
9
11
12
11
9
10
9
1
2
1
3
4
3
1
2
1
5
6
5
7
8
7
5
6
5
1
2
1
3
4
3
1
2
1
64
65
64
66
67
66
64
65
64
68
69
68
70
71
70
68
69
68
64
65
64
66
67
66
64
65
64
72
73
72
74
75
74
72
73
72
76
77
76
78
79
78
76
77
76
72
73
72
74
75
74
72
73
72
64
65
64
66
67
66
64
65
64
68
69
68
70
71
70
68
69
68
64
65
64
66
67
66
64
65
64
80
81
80
82
83
82
80
81
80
84
85
84
86
87
86
84
85
84
80
81
80
82
83
82
80
81
80
88
89
88
90
91
90
88
89
88
92
93
92
94
92
93
92
88
89
88
90
91
90
88
89
88
80
81
80
82
83
82
80
81
80
84
85
84
86
87
86
84
85
84
80
81
80
82
83
82
80
81
80
64
65
64
66
67
66
64
65
64
68
69
68
70
71
70
68
69
68
64
65
64
66
67
66
64
65
64
72
73
72
74
75
74
72
73
72
76
77
76
78
79
78
76
77
76
72
73
72
74
75
74
72
73
72
64
65
64
66
67
66
64
65
64
68
69
68
70
71
70
68
69
68
64
65
64
66
67
66
64
65
64
95
96
95
97
98
97
95
96
95
99
100
99
101
102
101
99
100
99
95
96
95
97
98
97
95
96
95
103
104
103
105
106
105
103
104
103
107
108
107
109
110
109
107
108
107
103
104
103
105
106
105
103
104
103
95
96
95
97
98
97
95
96
95
99
100
99
101
102
101
99
100
99
95
96
95
97
98
97
95
96
95
111
112
111
113
114
113
111
112
111
115
116
115
117
118
117
115
116
115
111
112
111
113
114
113
111
112
111
119
120
119
121
122
121
119
120
119
123
124
123
125
123
124
123
119
120
119
121
122
121
119
120
119
111
112
111
113
114
113
111
112
111
115
116
115
117
118
117
115
116
115
111
112
111
113
114
113
111
112
111
95
96
95
97
98
97
95
96
95
99
100
99
101
102
101
99
100
99
95
96
95
97
98
97
95
96
95
103
104
103
105
106
105
103
104
103
107
108
107
109
110
109
107
108
107
103
104
103
105
106
105
103
104
103
95
96
95
97
98
97
95
96
95
99
100
99
101
102
101
99
100
99
95
96
95
97
98
97
95
96
95
64
65
64
66
67
66
64
65
64
68
69
68
70
71
70
68
69
68
64
65
64
66
67
66
64
65
64
72
73
72
74
75
74
72
73
72
76
77
76
78
79
78
76
77
76
72
73
72
74
75
74
72
73
72
64
65
64
66
67
66
64
65
64
68
69
68
70
71
70
68
69
68
64
65
64
66
67
66
64
65
64
80
81
80
82
83
82
80
81
80
84
85
84
86
87
86
84
85
84
80
81
80
82
83
82
80
81
80
88
89
88
90
91
90
88
89
88
92
93
92
94
92
93
92
88
89
88
90
91
90
88
89
88
80
81
80
82
83
82
80
81
80
84
85
84
86
87
86
84
85
84
80
81
80
82
83
82
80
81
80
64
65
64
66
67
66
64
65
64
68
69
68
70
71
70
68
69
68
64
65
64
66
67
66
64
65
64
72
73
72
74
75
74
72
73
72
76
77
76
78
79
78
76
77
76
72
73
72
74
75
74
72
73
72
64
65
64
66
67
66
64
65
64
68
69
68
70
71
70
68
69
68
64
65
64
66
67
66
64
65
64
1
2
1
3
4
3
1
2
1
5
6
5
7
8
7
5
6
5
1
2
1
3
4
3
1
2
1
9
10
9
11
12
11
9
10
9
13
14
13
15
16
15
13
14
13
9
10
9
11
12
11
9
10
9
1
2
1
3
4
3
1
2
1
5
6
5
7
8
7
5
6
5
1
2
1
3
4
3
1
2
1
17
18
17
19
20
19
17
18
17
21
22
21
23
24
23
21
22
21
17
18
17
19
20
19
17
18
17
25
26
25
27
28
27
25
26
25
29
30
29
31
32
31
29
30
29
25
26
25
27
28
27
25
26
25
17
18
17
19
20
19
17
18
17
21
22
21
23
24
23
21
22
21
17
18
17
19
20
19
17
18
17
1
2
1
3
4
3
1
2
1
5
6
5
7
8
7
5
6
5
1
2
1
3
4
3
1
2
1
9
10
9
11
12
11
9
10
9
13
14
13
15
16
15
13
14
13
9
10
9
11
12
11
9
10
9
1
2
1
3
4
3
1
2
1
5
6
5
7
8
7
5
6
5
1
2
1
3
4
3
1
2
1
33
34
33
35
36
35
33
34
33
37
38
37
39
40
39
37
38
37
33
34
33
35
36
35
33
34
33
41
42
41
43
44
43
41
42
41
45
46
45
47
48
47
45
46
45
41
42
41
43
44
43
41
42
41
33
34
33
35
36
35
33
34
33
37
38
37
39
40
39
37
38
37
33
34
33
35
36
35
33
34
33
49
50
49
51
52
51
49
50
49
53
54
53
55
56
55
53
54
53
49
50
49
51
52
51
49
50
49
57
58
57
59
60
59
57
58
57
61
62
61
63
61
62
61
57
58
57
59
60
59
57
58
57
49
50
49
51
52
51
49
50
49
53
54
53
55
56
55
53
54
53
49
50
49
51
52
51
49
50
49
33
34
33
35
36
35
33
34
33
37
38
37
39
40
39
37
38
37
33
34
33
35
36
35
33
34
33
41
42
41
43
44
43
41
42
41
45
46
45
47
48
47
45
46
45
41
42
41
43
44
43
41
42
41
33
34
33
35
36
35
33
34
33
37
38
37
39
40
39
37
38
37
33
34
33
35
36
35
33
34
33
1
2
1
3
4
3
1
2
1
5
6
5
7
8
7
5
6
5
1
2
1
3
4
3
1
2
1
9
10
9
11
12
11
9
10
9
13
14
13
15
16
15
13
14
13
9
10
9
11
12
11
9
10
9
1
2
1
3
4
3
1
2
1
5
6
5
7
8
7
5
6
5
1
2
1
3
4
3
1
2
1
17
18
17
19
20
19
17
18
17
21
22
21
23
24
23
21
22
21
17
18
17
19
20
19
17
18
17
25
26
25
27
28
27
25
26
25
29
30
29
31
32
31
29
30
29
25
26
25
27
28
27
25
26
25
17
18
17
19
20
19
17
18
17
21
22
21
23
24
23
21
22
21
17
18
17
19
20
19
17
18
17
1
2
1
3
4
3
1
2
1
5
6
5
7
8
7
5
6
5
1
2
1
3
4
3
1
2
1
9
10
9
11
12
11
9
10
9
13
14
13
15
16
15
13
14
13
9
10
9
11
12
11
9
10
9
1
2
1
3
4
3
1
2
1
5
6
5
7
8
7
5
6
5
1
2
1
3
4
3
1
2
1
126
127
126
128
129
128
126
127
126
130
131
130
132
133
132
130
131
130
126
127
126
128
129
128
126
127
126
134
135
134
136
137
136
134
135
134
138
139
138
140
141
140
138
139
138
134
135
134
136
137
136
134
135
134
126
127
126
128
129
128
126
127
126
130
131
130
132
133
132
130
131
130
126
127
126
128
129
128
126
127
126
142
143
142
144
145
144
142
143
142
146
147
146
148
149
148
146
147
146
142
143
142
144
145
144
142
143
142
150
151
150
152
153
152
150
151
150
154
155
154
156
157
156
154
155
154
150
151
150
152
153
152
150
151
150
142
143
142
144
145
144
142
143
142
146
147
146
148
149
148
146
147
146
142
143
142
144
145
144
142
143
142
126
127
126
128
129
128
126
127
126
130
131
130
132
133
132
130
131
130
126
127
126
128
129
128
126
127
126
134
135
134
136
137
136
134
135
134
138
139
138
140
141
140
138
139
138
134
135
134
136
137
136
134
135
134
126
127
126
128
129
128
126
127
126
130
131
130
132
133
132
130
131
130
126
127
126
128
129
128
126
127
126
158
159
158
160
161
160
158
159
158
162
163
162
164
165
164
162
163
162
158
159
158
160
161
160
158
159
158
166
167
166
168
169
168
166
167
166
170
171
170
172
173
172
170
171
170
166
167
166
168
169
168
166
167
166
158
159
158
160
161
160
158
159
158
162
163
162
164
165
164
162
163
162
158
159
158
160
161
160
158
159
158
174
175
174
176
177
176
174
175
174
178
179
178
180
181
180
178
179
178
174
175
174
176
177
176
174
175
174
182
183
182
184
185
184
182
183
182
186
187
186
188
186
187
186
182
183
182
184
185
184
182
183
182
174
175
174
176
177
176
174
175
174
178
179
178
180
181
180
178
179
178
174
175
174
176
177
176
174
175
174
158
159
158
160
161
160
158
159
158
162
163
162
164
165
164
162
163
162
158
159
158
160
161
160
158
159
158
166
167
166
168
169
168
166
167
166
170
171
170
172
173
172
170
171
170
166
167
166
168
169
168
166
167
166
158
159
158
160
161
160
158
159
158
162
163
162
164
165
164
162
163
162
158
159
158
160
161
160
158
159
158
126
127
126
128
129
128
126
127
126
130
131
130
132
133
132
130
131
130
126
127
126
128
129
128
126
127
126
134
135
134
136
137
136
134
135
134
138
139
138
140
141
140
138
139
138
134
135
134
136
137
136
134
135
134
126
127
126
128
129
128
126
127
126
130
131
130
132
133
132
130
131
130
126
127
126
128
129
128
126
127
126
142
143
142
144
145
144
142
143
142
146
147
146
148
149
148
146
147
146
142
143
142
144
145
144
142
143
142
150
151
150
152
153
152
150
151
150
154
155
154
156
157
156
154
155
154
150
151
150
152
153
152
150
151
150
142
143
142
144
145
144
142
143
142
146
147
146
148
149
148
146
147
146
142
143
142
144
145
144
142
143
142
126
127
126
128
129
128
126
127
126
130
131
130
132
133
132
130
131
130
126
127
126
128
129
128
126
127
126
134
135
134
136
137
136
134
135
134
138
139
138
140
141
140
138
139
138
134
135
134
136
137
136
134
135
134
126
127
126
128
129
128
126
127
126
130
131
130
132
133
132
130
131
130
126
127
126
128
129
128
126
127
126
189
190
189
191
192
191
189
190
189
193
194
193
195
196
195
193
194
193
189
190
189
191
192
191
189
190
189
197
198
197
199
200
199
197
198
197
201
202
201
203
204
203
201
202
201
197
198
197
199
200
199
197
198
197
189
190
189
191
192
191
189
190
189
193
194
193
195
196
195
193
194
193
189
190
189
191
192
191
189
190
189
205
206
205
207
208
207
205
206
205
209
210
209
211
212
211
209
210
209
205
206
205
207
208
207
205
206
205
213
214
213
215
216
215
213
214
213
217
218
217
219
217
218
217
213
214
213
215
216
215
213
214
213
205
206
205
207
208
207
205
206
205
209
210
209
211
212
211
209
210
209
205
206
205
207
208
207
205
206
205
189
190
189
191
192
191
189
190
189
193
194
193
195
196
195
193
194
193
189
190
189
191
192
191
189
190
189
197
198
197
199
200
199
197
198
197
201
202
201
203
204
203
201
202
201
197
198
197
199
200
199
197
198
197
189
190
189
191
192
191
189
190
189
193
194
193
195
196
195
193
194
193
189
190
189
191
192
191
189
190
189
220
221
220
222
223
222
220
221
220
224
225
224
226
227
226
224
225
224
220
221
220
222
223
222
220
221
220
228
229
228
230
231
230
228
229
228
232
233
232
234
235
234
232
233
232
228
229
228
230
231
230
228
229
228
220
221
220
222
223
222
220
221
220
224
225
224
226
227
226
224
225
224
220
221
220
222
223
222
220
221
220
236
237
236
238
239
238
236
237
236
240
241
240
242
243
242
240
241
240
236
237
236
238
239
238
236
237
236
244
245
244
246
247
246
244
245
244
248
249
248
250
248
249
248
244
245
244
246
247
246
244
245
244
236
237
236
238
239
238
236
237
236
240
241
240
242
243
242
240
241
240
236
237
236
238
239
238
236
237
236
220
221
220
222
223
222
220
221
220
224
225
224
226
227
226
224
225
224
220
221
220
222
223
222
220
221
220
228
229
228
230
231
230
228
229
228
232
233
232
234
235
234
232
233
232
228
229
228
230
231
230
228
229
228
220
221
220
222
223
222
220
221
220
224
225
224
226
227
226
224
225
224
220
221
220
222
223
222
220
221
220
189
190
189
191
192
191
189
190
189
193
194
193
195
196
195
193
194
193
189
190
189
191
192
191
189
190
189
197
198
197
199
200
199
197
198
197
201
202
201
203
204
203
201
202
201
197
198
197
199
200
199
197
198
197
189
190
189
191
192
191
189
190
189
193
194
193
195
196
195
193
194
193
189
190
189
191
192
191
189
190
189
205
206
205
207
208
207
205
206
205
209
210
209
211
212
211
209
210
209
205
206
205
207
208
207
205
206
205
213
214
213
215
216
215
213
214
213
217
218
217
219
217
218
217
213
214
213
215
216
215
213
214
213
205
206
205
207
208
207
205
206
205
209
210
209
211
212
211
209
210
209
205
206
205
207
208
207
205
206
205
189
190
189
191
192
191
189
190
189
193
194
193
195
196
195
193
194
193
189
190
189
191
192
191
189
190
189
197
198
197
199
200
199
197
198
197
201
202
201
203
204
203
201
202
201
197
198
197
199
200
199
197
198
197
189
190
189
191
192
191
189
190
189
193
194
193
195
196
195
193
194
193
189
190
189
191
192
191
189
190
189
126
127
126
128
129
128
126
127
126
130
131
130
132
133
132
130
131
130
126
127
126
128
129
128
126
127
126
134
135
134
136
137
136
134
135
134
138
139
138
140
141
140
138
139
138
134
135
134
136
137
136
134
135
134
126
127
126
128
129
128
126
127
126
130
131
130
132
133
132
130
131
130
126
127
126
128
129
128
126
127
126
142
143
142
144
145
144
142
143
142
146
147
146
148
149
148
146
147
146
142
143
142
144
145
144
142
143
142
150
151
150
152
153
152
150
151
150
154
155
154
156
157
156
154
155
154
150
151
150
152
153
152
150
151
150
142
143
142
144
145
144
142
143
142
146
147
146
148
149
148
146
147
146
142
143
142
144
145
144
142
143
142
126
127
126
128
129
128
126
127
126
130
131
130
132
133
132
130
131
130
126
127
126
128
129
128
126
127
126
134
135
134
136
137
136
134
135
134
138
139
138
140
141
140
138
139
138
134
135
134
136
137
136
134
135
134
126
127
126
128
129
128
126
127
126
130
131
130
132
133
132
130
131
130
126
127
126
128
129
128
126
127
126
158
159
158
160
161
160
158
159
158
162
163
162
164
165
164
162
163
162
158
159
158
160
161
160
158
159
158
166
167
166
168
169
168
166
167
166
170
171
170
172
173
172
170
171
170
166
167
166
168
169
168
166
167
166
158
159
158
160
161
160
158
159
158
162
163
162
164
165
164
162
163
162
158
159
158
160
161
160
158
159
158
174
175
174
176
177
176
174
175
174
178
179
178
180
181
180
178
179
178
174
175
174
176
177
176
174
175
174
182
183
182
184
185
184
182
183
182
186
187
186
188
186
187
186
182
183
182
184
185
184
182
183
182
174
175
174
176
177
176
174
175
174
178
179
178
180
181
180
178
179
178
174
175
174
176
177
176
174
175
174
158
159
158
160
161
160
158
159
158
162
163
162
164
165
164
162
163
162
158
159
158
160
161
160
158
159
158
166
167
166
168
169
168
166
167
166
170
171
170
172
173
172
170
171
170
166
167
166
168
169
168
166
167
166
158
159
158
160
161
160
158
159
158
162
163
162
164
165
164
162
163
162
158
159
158
160
161
160
158
159
158
126
127
126
128
129
128
126
127
126
130
131
130
132
133
132
130
131
130
126
127
126
128
129
128
126
127
126
134
135
134
136
137
136
134
135
134
138
139
138
140
141
140
138
139
138
134
135
134
136
137
136
134
135
134
126
127
126
128
129
128
126
127
126
130
131
130
132
133
132
130
131
130
126
127
126
128
129
128
126
127
126
142
143
142
144
145
144
142
143
142
146
147
146
148
149
148
146
147
146
142
143
142
144
145
144
142
143
142
150
151
150
152
153
152
150
151
150
154
155
154
156
157
156
154
155
154
150
151
150
152
153
152
150
151
150
142
143
142
144
145
144
142
143
142
146
147
146
148
149
148
146
147
146
142
143
142
144
145
144
142
143
142
126
127
126
128
129
128
126
127
126
130
131
130
132
133
132
130
131
130
126
127
126
128
129
128
126
127
126
134
135
134
136
137
136
134
135
134
138
139
138
140
141
140
138
139
138
134
135
134
136
137
136
134
135
134
126
127
126
128
129
128
126
127
126
130
131
130
132
133
132
130
131
130
126
127
126
128
129
128
126
127
126
1
2
1
3
4
3
1
2
1
5
6
5
7
8
7
5
6
5
1
2
1
3
4
3
1
2
1
9
10
9
11
12
11
9
10
9
13
14
13
15
16
15
13
14
13
9
10
9
11
12
11
9
10
9
1
2
1
3
4
3
1
2
1
5
6
5
7
8
7
5
6
5
1
2
1
3
4
3
1
2
1
17
18
17
19
20
19
17
18
17
21
22
21
23
24
23
21
22
21
17
18
17
19
20
19
17
18
17
25
26
25
27
28
27
25
26
25
29
30
29
31
32
31
29
30
29
25
26
25
27
28
27
25
26
25
17
18
17
19
20
19
17
18
17
21
22
21
23
24
23
21
22
21
17
18
17
19
20
19
17
18
17
1
2
1
3
4
3
1
2
1
5
6
5
7
8
7
5
6
5
1
2
1
3
4
3
1
2
1
9
10
9
11
12
11
9
10
9
13
14
13
15
16
15
13
14
13
9
10
9
11
12
11
9
10
9
1
2
1
3
4
3
1
2
1
5
6
5
7
8
7
5
6
5
1
2
1
3
4
3
1
2
1
33
34
33
35
36
35
33
34
33
37
38
37
39
40
39
37
38
37
33
34
33
35
36
35
33
34
33
41
42
41
43
44
43
41
42
41
45
46
45
47
48
47
45
46
45
41
42
41
43
44
43
41
42
41
33
34
33
35
36
35
33
34
33
37
38
37
39
40
39
37
38
37
33
34
33
35
36
35
33
34
33
49
50
49
51
52
51
49
50
49
53
54
53
55
56
55
53
54
53
49
50
49
51
52
51
49
50
49
57
58
57
59
60
59
57
58
57
61
62
61
63
61
62
61
57
58
57
59
60
59
57
58
57
49
50
49
51
52
51
49
50
49
53
54
53
55
56
55
53
54
53
49
50
49
51
52
51
49
50
49
33
34
33
35
36
35
33
34
33
37
38
37
39
40
39
37
38
37
33
34
33
35
36
35
33
34
33
41
42
41
43
44
43
41
42
41
45
46
45
47
48
47
45
46
45
41
42
41
43
44
43
41
42
41
33
34
33
35
36
35
33
34
33
37
38
37
39
40
39
37
38
37
33
34
33
35
36
35
33
34
33
1
2
1
3
4
3
1
2
1
5
6
5
7
8
7
5
6
5
1
2
1
3
4
3
1
2
1
9
10
9
11
12
11
9
10
9
13
14
13
15
16
15
13
14
13
9
10
9
11
12
11
9
10
9
1
2
1
3
4
3
1
2
1
5
6
5
7
8
7
5
6
5
1
2
1
3
4
3
1
2
1
17
18
17
19
20
19
17
18
17
21
22
21
23
24
23
21
22
21
17
18
17
19
20
19
17
18
17
25
26
25
27
28
27
25
26
25
29
30
29
31
32
31
29
30
29
25
26
25
27
28
27
25
26
25
17
18
17
19
20
19
17
18
17
21
22
21
23
24
23
21
22
21
17
18
17
19
20
19
17
18
17
1
2
1
3
4
3
1
2
1
5
6
5
7
8
7
5
6
5
1
2
1
3
4
3
1
2
1
9
10
9
11
12
11
9
10
9
13
14
13
15
16
15
13
14
13
9
10
9
11
12
11
9
10
9
1
2
1
3
4
3
1
2
1
5
6
5
7
8
7
5
6
5
1
2
1
3
4
3
1
2
1
64
65
64
66
67
66
64
65
64
68
69
68
70
71
70
68
69
68
64
65
64
66
67
66
64
65
64
72
73
72
74
75
74
72
73
72
76
77
76
78
79
78
76
77
76
72
73
72
74
75
74
72
73
72
64
65
64
66
67
66
64
65
64
68
69
68
70
71
70
68
69
68
64
65
64
66
67
66
64
65
64
80
81
80
82
83
82
80
81
80
84
85
84
86
87
86
84
85
84
80
81
80
82
83
82
80
81
80
88
89
88
90
91
90
88
89
88
92
93
92
94
92
93
92
88
89
88
90
91
90
88
89
88
80
81
80
82
83
82
80
81
80
84
85
84
86
87
86
84
85
84
80
81
80
82
83
82
80
81
80
64
65
64
66
67
66
64
65
64
68
69
68
70
71
70
68
69
68
64
65
64
66
67
66
64
65
64
72
73
72
74
75
74
72
73
72
76
77
76
78
79
78
76
77
76
72
73
72
74
75
74
72
73
72
64
65
64
66
67
66
64
65
64
68
69
68
70
71
70
68
69
68
64
65
64
66
67
66
64
65
64
95
96
95
97
98
97
95
96
95
99
100
99
101
102
101
99
100
99
95
96
95
97
98
97
95
96
95
103
104
103
105
106
105
103
104
103
107
108
107
109
110
109
107
108
107
103
104
103
105
106
105
103
104
103
95
96
95
97
98
97
95
96
95
99
100
99
101
102
101
99
100
99
95
96
95
97
98
97
95
96
95
111
112
111
113
114
113
111
112
111
115
116
115
117
118
117
115
116
115
111
112
111
113
114
113
111
112
111
119
120
119
121
122
121
119
120
119
123
124
123
125
123
124
123
119
120
119
121
122
121
119
120
119
111
112
111
113
114
113
111
112
111
115
116
115
117
118
117
115
116
115
111
112
111
113
114
113
111
112
111
95
96
95
97
98
97
95
96
95
99
100
99
101
102
101
99
100
99
95
96
95
97
98
97
95
96
95
103
104
103
105
106
105
103
104
103
107
108
107
109
110
109
107
108
107
103
104
103
105
106
105
103
104
103
95
96
95
97
98
97
95
96
95
99
100
99
101
102
101
99
100
99
95
96
95
97
98
97
95
96
95
64
65
64
66
67
66
64
65
64
68
69
68
70
71
70
68
69
68
64
65
64
66
67
66
64
65
64
72
73
72
74
75
74
72
73
72
76
77
76
78
79
78
76
77
76
72
73
72
74
75
74
72
73
72
64
65
64
66
67
66
64
65
64
68
69
68
70
71
70
68
69
68
64
65
64
66
67
66
64
65
64
80
81
80
82
83
82
80
81
80
84
85
84
86
87
86
84
85
84
80
81
80
82
83
82
80
81
80
88
89
88
90
91
90
88
89
88
92
93
92
94
92
93
92
88
89
88
90
91
90
88
89
88
80
81
80
82
83
82
80
81
80
84
85
84
86
87
86
84
85
84
80
81
80
82
83
82
80
81
80
64
65
64
66
67
66
64
65
64
68
69
68
70
71
70
68
69
68
64
65
64
66
67
66
64
65
64
72
73
72
74
75
74
72
73
72
76
77
76
78
79
78
76
77
76
72
73
72
74
75
74
72
73
72
64
65
64
66
67
66
64
65
64
68
69
68
70
71
70
68
69
68
64
65
64
66
67
66
64
65
64
1
2
1
3
4
3
1
2
1
5
6
5
7
8
7
5
6
5
1
2
1
3
4
3
1
2
1
9
10
9
11
12
11
9
10
9
13
14
13
15
16
15
13
14
13
9
10
9
11
12
11
9
10
9
1
2
1
3
4
3
1
2
1
5
6
5
7
8
7
5
6
5
1
2
1
3
4
3
1
2
1
17
18
17
19
20
19
17
18
17
21
22
21
23
24
23
21
22
21
17
18
17
19
20
19
17
18
17
25
26
25
27
28
27
25
26
25
29
30
29
31
32
31
29
30
29
25
26
25
27
28
27
25
26
25
17
18
17
19
20
19
17
18
17
21
22
21
23
24
23
21
22
21
17
18
17
19
20
19
17
18
17
1
2
1
3
4
3
1
2
1
5
6
5
7
8
7
5
6
5
1
2
1
3
4
3
1
2
1
9
10
9
11
12
11
9
10
9
13
14
13
15
16
15
13
14
13
9
10
9
11
12
11
9
10
9
1
2
1
3
4
3
1
2
1
5
6
5
7
8
7
5
6
5
1
2
1
3
4
3
1
2
1
33
34
33
35
36
35
33
34
33
37
38
37
39
40
39
37
38
37
33
34
33
35
36
35
33
34
33
41
42
41
43
44
43
41
42
41
45
46
45
47
48
47
45
46
45
41
42
41
43
44
43
41
42
41
33
34
33
35
36
35
33
34
33
37
38
37
39
40
39
37
38
37
33
34
33
35
36
35
33
34
33
49
50
49
51
52
51
49
50
49
53
54
53
55
56
55
53
54
53
49
50
49
51
52
51
49
50
49
57
58
57
59
60
59
57
58
57
61
62
61
63
61
62
61
57
58
57
59
60
59
57
58
57
49
50
49
51
52
51
49
50
49
53
54
53
55
56
55
53
54
53
49
50
49
51
52
51
49
50
49
33
34
33
35
36
35
33
34
33
37
38
37
39
40
39
37
38
37
33
34
33
35
36
35
33
34
33
41
42
41
43
44
43
41
42
41
45
46
45
47
48
47
45
46
45
41
42
41
43
44
43
41
42
41
33
34
33
35
36
35
33
34
33
37
38
37
39
40
39
37
38
37
33
34
33
35
36
35
33
34
33
1
2
1
3
4
3
1
2
1
5
6
5
7
8
7
5
6
5
1
2
1
3
4
3
1
2
1
9
10
9
11
12
11
9
10
9
13
14
13
15
16
15
13
14
13
9
10
9
11
12
11
9
10
9
1
2
1
3
4
3
1
2
1
5
6
5
7
8
7
5
6
5
1
2
1
3
4
3
1
2
1
17
18
17
19
20
19
17
18
17
21
22
21
23
24
23
21
22
21
17
18
17
19
20
19
17
18
17
25
26
25
27
28
27
25
26
25
29
30
29
31
32
31
29
30
29
25
26
25
27
28
27
25
26
25
17
18
17
19
20
19
17
18
17
21
22
21
23
24
23
21
22
21
17
18
17
19
20
19
17
18
17
1
2
1
3
4
3
1
2
1
5
6
5
7
8
7
5
6
5
1
2
1
3
4
3
1
2
1
9
10
9
11
12
11
9
10
9
13
14
13
15
16
15
13
14
13
9
10
9
11
12
11
9
10
9
1
2
1
3
4
3
1
2
1
5
6
5
7
8
7
5
6
5
1
2
1
3
4
3
1
2
1
