500
0
1 1
1 2
1 3
1 4
1 5
1 6
1 7
1 8
1 9
1 10
1 11
1 12
1 13
1 14
1 15
1 16
1 17
1 18
1 19
1 20
1 21
1 22
1 23
1 24
1 25
1 26
1 27
1 28
1 29
1 30
1 31
1 32
1 33
1 34
1 35
1 36
1 37
1 38
1 39
1 40
1 41
1 42
1 43
1 44
1 45
1 46
1 47
1 48
1 49
1 50
1 51
1 52
1 53
1 54
1 55
1 56
1 57
1 58
1 59
1 60
1 61
1 62
1 63
1 64
1 65
1 66
1 67
1 68
1 69
1 70
1 71
1 72
1 73
1 74
1 75
1 76
1 77
1 78
1 79
1 80
1 81
1 82
1 83
1 84
1 85
1 86
1 87
1 88
1 89
1 90
1 91
1 92
1 93
1 94
1 95
1 96
1 97
1 98
1 99
1 100
1 101
1 102
1 103
1 104
1 105
1 106
1 107
1 108
1 109
1 110
1 111
1 112
1 113
1 114
1 115
1 116
1 117
1 118
1 119
1 120
1 121
1 122
1 123
1 124
1 125
1 126
1 127
1 128
1 129
1 130
1 131
1 132
1 133
1 134
1 135
1 136
1 137
1 138
1 139
1 140
1 141
1 142
1 143
1 144
1 145
1 146
1 147
1 148
1 149
1 150
1 151
1 152
1 153
1 154
1 155
1 156
1 157
1 158
1 159
1 160
1 161
1 162
1 163
1 164
1 165
1 166
1 167
1 168
1 169
1 170
1 171
1 172
1 173
1 174
1 175
1 176
1 177
1 178
1 179
1 180
1 181
1 182
1 183
1 184
1 185
1 186
1 187
1 188
1 189
1 190
1 191
1 192
1 193
1 194
1 195
1 196
1 197
1 198
1 199
1 200
1 201
1 202
1 203
1 204
1 205
1 206
1 207
1 208
1 209
1 210
1 211
1 212
1 213
1 214
1 215
1 216
1 217
1 218
1 219
1 220
1 221
1 222
1 223
1 224
1 225
1 226
1 227
1 228
1 229
1 230
1 231
1 232
1 233
1 234
1 235
1 236
1 237
1 238
1 239
1 240
1 241
1 242
1 243
1 244
1 245
1 246
1 247
1 248
1 249
1 250
1 251
1 252
1 253
1 254
1 255
1 256
1 257
1 258
1 259
1 260
1 261
1 262
1 263
1 264
1 265
1 266
1 267
1 268
1 269
1 270
1 271
1 272
1 273
1 274
1 275
1 276
1 277
1 278
1 279
1 280
1 281
1 282
1 283
1 284
1 285
1 286
1 287
1 288
1 289
1 290
1 291
1 292
1 293
1 294
1 295
1 296
1 297
1 298
1 299
1 300
1 301
1 302
1 303
1 304
1 305
1 306
1 307
1 308
1 309
1 310
1 311
1 312
1 313
1 314
1 315
1 316
1 317
1 318
1 319
1 320
1 321
1 322
1 323
1 324
1 325
1 326
1 327
1 328
1 329
1 330
1 331
1 332
1 333
1 334
1 335
1 336
1 337
1 338
1 339
1 340
1 341
1 342
1 343
1 344
1 345
1 346
1 347
1 348
1 349
1 350
1 351
1 352
1 353
1 354
1 355
1 356
1 357
1 358
1 359
1 360
1 361
1 362
1 363
1 364
1 365
1 366
1 367
1 368
1 369
1 370
1 371
1 372
1 373
1 374
1 375
1 376
1 377
1 378
1 379
1 380
1 381
1 382
1 383
1 384
1 385
1 386
1 387
1 388
1 389
1 390
1 391
1 392
1 393
1 394
1 395
1 396
1 397
1 398
1 399
1 400
1 401
1 402
1 403
1 404
1 405
1 406
1 407
1 408
1 409
1 410
1 411
1 412
1 413
1 414
1 415
1 416
1 417
1 418
1 419
1 420
1 421
1 422
1 423
1 424
1 425
1 426
1 427
1 428
1 429
1 430
1 431
1 432
1 433
1 434
1 435
1 436
1 437
1 438
1 439
1 440
1 441
1 442
1 443
1 444
1 445
1 446
1 447
1 448
1 449
1 450
1 451
1 452
1 453
1 454
1 455
1 456
1 457
1 458
1 459
1 460
1 461
1 462
1 463
1 464
1 465
1 466
1 467
1 468
1 469
1 470
1 471
1 472
1 473
1 474
1 475
1 476
1 477
1 478
1 479
1 480
1 481
1 482
1 483
1 484
1 485
1 486
1 487
1 488
1 489
1 490
1 491
1 492
1 493
1 494
1 495
1 496
1 497
1 498
1 499
998
1
2
1
3
2
4
3
5
4
6
5
7
6
8
7
9
8
10
9
11
10
12
11
13
12
14
13
15
14
16
15
17
16
18
17
19
18
20
19
21
20
22
21
23
22
24
23
25
24
26
25
27
26
28
27
29
28
30
29
31
30
32
31
33
32
34
33
35
34
36
35
37
36
38
37
39
38
40
39
41
40
42
41
43
42
44
43
45
44
46
45
47
46
48
47
49
48
50
49
51
50
52
51
53
52
54
53
55
54
56
55
57
56
58
57
59
58
60
59
61
60
62
61
63
62
64
63
65
64
66
65
67
66
68
67
69
68
70
69
71
70
72
71
73
72
74
73
75
74
76
75
77
76
78
77
79
78
80
79
81
80
82
81
83
82
84
83
85
84
86
85
87
86
88
87
89
88
90
89
91
90
92
91
93
92
94
93
95
94
96
95
97
96
98
97
99
98
100
99
101
100
102
101
103
102
104
103
105
104
106
105
107
106
108
107
109
108
110
109
111
110
112
111
113
112
114
113
115
114
116
115
117
116
118
117
119
118
120
119
121
120
122
121
123
122
124
123
125
124
126
125
127
126
128
127
129
128
130
129
131
130
132
131
133
132
134
133
135
134
136
135
137
136
138
137
139
138
140
139
141
140
142
141
143
142
144
143
145
144
146
145
147
146
148
147
149
148
150
149
151
150
152
151
153
152
154
153
155
154
156
155
157
156
158
157
159
158
160
159
161
160
162
161
163
162
164
163
165
164
166
165
167
166
168
167
169
168
170
169
171
170
172
171
173
172
174
173
175
174
176
175
177
176
178
177
179
178
180
179
181
180
182
181
183
182
184
183
185
184
186
185
187
186
188
187
189
188
190
189
191
190
192
191
193
192
194
193
195
194
196
195
197
196
198
197
199
198
200
199
201
200
202
201
203
202
204
203
205
204
206
205
207
206
208
207
209
208
210
209
211
210
212
211
213
212
214
213
215
214
216
215
217
216
218
217
219
218
220
219
221
220
222
221
223
222
224
223
225
224
226
225
227
226
228
227
229
228
230
229
231
230
232
231
233
232
234
233
235
234
236
235
237
236
238
237
239
238
240
239
241
240
242
241
243
242
244
243
245
244
246
245
247
246
248
247
249
248
250
249
251
250
252
251
253
252
254
253
255
254
256
255
257
256
258
257
259
258
260
259
261
260
262
261
263
262
264
263
265
264
266
265
267
266
268
267
269
268
270
269
271
270
272
271
273
272
274
273
275
274
276
275
277
276
278
277
279
278
280
279
281
280
282
281
283
282
284
283
285
284
286
285
287
286
288
287
289
288
290
289
291
290
292
291
293
292
294
293
295
294
296
295
297
296
298
297
299
298
300
299
301
300
302
301
303
302
304
303
305
304
306
305
307
306
308
307
309
308
310
309
311
310
312
311
313
312
314
313
315
314
316
315
317
316
318
317
319
318
320
319
321
320
322
321
323
322
324
323
325
324
326
325
327
326
328
327
329
328
330
329
331
330
332
331
333
332
334
333
335
334
336
335
337
336
338
337
339
338
340
339
341
340
342
341
343
342
344
343
345
344
346
345
347
346
348
347
349
348
350
349
351
350
352
351
353
352
354
353
355
354
356
355
357
356
358
357
359
358
360
359
361
360
362
361
363
362
364
363
365
364
366
365
367
366
368
367
369
368
370
369
371
370
372
371
373
372
374
373
375
374
376
375
377
376
378
377
379
378
380
379
381
380
382
381
383
382
384
383
385
384
386
385
387
386
388
387
389
388
390
389
391
390
392
391
393
392
394
393
395
394
396
395
397
396
398
397
399
398
400
399
401
400
402
401
403
402
404
403
405
404
406
405
407
406
408
407
409
408
410
409
411
410
412
411
413
412
414
413
415
414
416
415
417
416
418
417
419
418
420
419
421
420
422
421
423
422
424
423
425
424
426
425
427
426
428
427
429
428
430
429
431
430
432
431
433
432
434
433
435
434
436
435
437
436
438
437
439
438
440
439
441
440
442
441
443
442
444
443
445
444
446
445
447
446
448
447
449
448
450
449
451
450
452
451
453
452
454
453
455
454
456
455
457
456
458
457
459
458
460
459
461
460
462
461
463
462
464
463
465
464
466
465
467
466
468
467
469
468
470
469
471
470
472
471
473
472
474
473
475
474
476
475
477
476
478
477
479
478
480
479
481
480
482
481
483
482
484
483
485
484
486
485
487
486
488
487
489
488
490
489
491
490
492
491
493
492
494
493
495
494
496
495
497
496
498
497
499
498
500
