6102
1
2
3
4
5
6
7
8
9
10
11
12
13
14
15
16
10
9
8
7
6
5
4
3
2
1
17
18
19
20
21
22
23
24
25
26
27
28
29
30
31
32
25
24
23
22
21
20
19
18
17
1
2
3
4
5
6
7
8
9
10
16
15
14
13
12
11
10
9
8
7
6
5
4
3
2
1
33
34
35
36
37
38
39
40
41
42
43
44
45
46
47
48
40
39
38
37
36
35
34
33
49
50
51
52
53
54
55
56
50
49
57
58
59
60
61
62
63
49
50
55
54
53
52
51
50
49
33
34
35
36
37
38
39
40
48
47
46
45
44
43
42
41
40
39
38
37
36
35
34
33
1
2
3
4
5
6
7
8
9
10
11
12
13
14
15
16
10
9
8
7
6
5
4
3
2
1
17
18
19
20
21
22
23
24
25
32
31
30
29
28
27
26
25
24
23
22
21
20
19
18
17
1
2
3
4
5
6
7
8
9
10
16
15
14
13
12
11
10
9
8
7
6
5
4
3
2
1
64
65
66
67
68
69
70
71
65
64
72
73
74
75
76
77
78
79
64
65
70
69
68
67
66
65
64
80
81
82
83
84
85
86
87
80
88
89
90
91
92
93
94
80
85
84
83
82
81
80
64
65
66
67
68
69
70
65
64
79
78
77
76
75
74
73
72
64
65
71
70
69
68
67
66
65
64
95
96
97
98
99
100
101
102
95
103
104
105
106
107
108
109
110
95
100
99
98
97
96
95
111
112
113
114
115
116
117
118
119
120
121
122
123
124
125
115
114
113
112
111
95
96
97
98
99
100
95
110
109
108
107
106
105
104
103
95
102
101
100
99
98
97
96
95
64
65
66
67
68
69
70
71
65
64
72
73
74
75
76
77
78
79
64
65
70
69
68
67
66
65
64
80
81
82
83
84
85
80
94
93
92
91
90
89
88
80
87
86
85
84
83
82
81
80
64
65
66
67
68
69
70
65
64
79
78
77
76
75
74
73
72
64
65
71
70
69
68
67
66
65
64
1
2
3
4
5
6
7
8
9
10
11
12
13
14
15
16
10
9
8
7
6
5
4
3
2
1
17
18
19
20
21
22
23
24
25
26
27
28
29
30
31
32
25
24
23
22
21
20
19
18
17
1
2
3
4
5
6
7
8
9
10
16
15
14
13
12
11
10
9
8
7
6
5
4
3
2
1
33
34
35
36
37
38
39
40
41
42
43
44
45
46
47
48
40
39
38
37
36
35
34
33
49
50
51
52
53
54
55
50
49
63
62
61
60
59
58
57
49
50
56
55
54
53
52
51
50
49
33
34
35
36
37
38
39
40
48
47
46
45
44
43
42
41
40
39
38
37
36
35
34
33
1
2
3
4
5
6
7
8
9
10
11
12
13
14
15
16
10
9
8
7
6
5
4
3
2
1
17
18
19
20
21
22
23
24
25
32
31
30
29
28
27
26
25
24
23
22
21
20
19
18
17
1
2
3
4
5
6
7
8
9
10
16
15
14
13
12
11
10
9
8
7
6
5
4
3
2
1
126
127
128
129
130
131
132
133
134
135
136
137
138
139
140
141
135
134
133
132
131
130
129
128
127
126
142
143
144
145
146
147
148
149
150
151
152
153
154
155
156
157
150
149
148
147
146
145
144
143
142
126
127
128
129
130
131
132
133
134
135
141
140
139
138
137
136
135
134
133
132
131
130
129
128
127
126
158
159
160
161
162
163
164
165
166
167
168
169
170
171
172
173
165
164
163
162
161
160
159
158
174
175
176
177
178
179
180
181
175
174
182
183
184
185
186
187
188
174
175
180
179
178
177
176
175
174
158
159
160
161
162
163
164
165
173
172
171
170
169
168
167
166
165
164
163
162
161
160
159
158
126
127
128
129
130
131
132
133
134
135
136
137
138
139
140
141
135
134
133
132
131
130
129
128
127
126
142
143
144
145
146
147
148
149
150
157
156
155
154
153
152
151
150
149
148
147
146
145
144
143
142
126
127
128
129
130
131
132
133
134
135
141
140
139
138
137
136
135
134
133
132
131
130
129
128
127
126
189
190
191
192
193
194
195
196
190
189
197
198
199
200
201
202
203
204
189
190
195
194
193
192
191
190
189
205
206
207
208
209
210
211
212
205
213
214
215
216
217
218
219
205
210
209
208
207
206
205
189
190
191
192
193
194
195
190
189
204
203
202
201
200
199
198
197
189
190
196
195
194
193
192
191
190
189
220
221
222
223
224
225
226
227
220
228
229
230
231
232
233
234
235
220
225
224
223
222
221
220
236
237
238
239
240
241
242
243
244
245
246
247
248
249
250
240
239
238
237
236
220
221
222
223
224
225
220
235
234
233
232
231
230
229
228
220
227
226
225
224
223
222
221
220
189
190
191
192
193
194
195
196
190
189
197
198
199
200
201
202
203
204
189
190
195
194
193
192
191
190
189
205
206
207
208
209
210
205
219
218
217
216
215
214
213
205
212
211
210
209
208
207
206
205
189
190
191
192
193
194
195
190
189
204
203
202
201
200
199
198
197
189
190
196
195
194
193
192
191
190
189
126
127
128
129
130
131
132
133
134
135
136
137
138
139
140
141
135
134
133
132
131
130
129
128
127
126
142
143
144
145
146
147
148
149
150
151
152
153
154
155
156
157
150
149
148
147
146
145
144
143
142
126
127
128
129
130
131
132
133
134
135
141
140
139
138
137
136
135
134
133
132
131
130
129
128
127
126
158
159
160
161
162
163
164
165
166
167
168
169
170
171
172
173
165
164
163
162
161
160
159
158
174
175
176
177
178
179
180
175
174
188
187
186
185
184
183
182
174
175
181
180
179
178
177
176
175
174
158
159
160
161
162
163
164
165
173
172
171
170
169
168
167
166
165
164
163
162
161
160
159
158
126
127
128
129
130
131
132
133
134
135
136
137
138
139
140
141
135
134
133
132
131
130
129
128
127
126
142
143
144
145
146
147
148
149
150
157
156
155
154
153
152
151
150
149
148
147
146
145
144
143
142
126
127
128
129
130
131
132
133
134
135
141
140
139
138
137
136
135
134
133
132
131
130
129
128
127
126
1
2
3
4
5
6
7
8
9
10
11
12
13
14
15
16
10
9
8
7
6
5
4
3
2
1
17
18
19
20
21
22
23
24
25
26
27
28
29
30
31
32
25
24
23
22
21
20
19
18
17
1
2
3
4
5
6
7
8
9
10
16
15
14
13
12
11
10
9
8
7
6
5
4
3
2
1
33
34
35
36
37
38
39
40
41
42
43
44
45
46
47
48
40
39
38
37
36
35
34
33
49
50
51
52
53
54
55
56
50
49
57
58
59
60
61
62
63
49
50
55
54
53
52
51
50
49
33
34
35
36
37
38
39
40
48
47
46
45
44
43
42
41
40
39
38
37
36
35
34
33
1
2
3
4
5
6
7
8
9
10
11
12
13
14
15
16
10
9
8
7
6
5
4
3
2
1
17
18
19
20
21
22
23
24
25
32
31
30
29
28
27
26
25
24
23
22
21
20
19
18
17
1
2
3
4
5
6
7
8
9
10
16
15
14
13
12
11
10
9
8
7
6
5
4
3
2
1
64
65
66
67
68
69
70
71
65
64
72
73
74
75
76
77
78
79
64
65
70
69
68
67
66
65
64
80
81
82
83
84
85
86
87
80
88
89
90
91
92
93
94
80
85
84
83
82
81
80
64
65
66
67
68
69
70
65
64
79
78
77
76
75
74
73
72
64
65
71
70
69
68
67
66
65
64
95
96
97
98
99
100
101
102
95
103
104
105
106
107
108
109
110
95
100
99
98
97
96
95
111
112
113
114
115
125
124
123
122
121
120
119
118
117
116
115
114
113
112
111
95
96
97
98
99
100
95
110
109
108
107
106
105
104
103
95
102
101
100
99
98
97
96
95
64
65
66
67
68
69
70
71
65
64
72
73
74
75
76
77
78
79
64
65
70
69
68
67
66
65
64
80
81
82
83
84
85
80
94
93
92
91
90
89
88
80
87
86
85
84
83
82
81
80
64
65
66
67
68
69
70
65
64
79
78
77
76
75
74
73
72
64
65
71
70
69
68
67
66
65
64
1
2
3
4
5
6
7
8
9
10
11
12
13
14
15
16
10
9
8
7
6
5
4
3
2
1
17
18
19
20
21
22
23
24
25
26
27
28
29
30
31
32
25
24
23
22
21
20
19
18
17
1
2
3
4
5
6
7
8
9
10
16
15
14
13
12
11
10
9
8
7
6
5
4
3
2
1
33
34
35
36
37
38
39
40
41
42
43
44
45
46
47
48
40
39
38
37
36
35
34
33
49
50
51
52
53
54
55
50
49
63
62
61
60
59
58
57
49
50
56
55
54
53
52
51
50
49
33
34
35
36
37
38
39
40
48
47
46
45
44
43
42
41
40
39
38
37
36
35
34
33
1
2
3
4
5
6
7
8
9
10
11
12
13
14
15
16
10
9
8
7
6
5
4
3
2
1
17
18
19
20
21
22
23
24
25
32
31
30
29
28
27
26
25
24
23
22
21
20
19
18
17
1
2
3
4
5
6
7
8
9
10
16
15
14
13
12
11
10
9
8
7
6
5
4
3
2
1
251
252
253
254
255
256
257
258
259
260
261
262
263
264
265
266
260
259
258
257
256
255
254
253
252
251
267
268
269
270
271
272
273
274
275
276
277
278
279
280
281
282
275
274
273
272
271
270
269
268
267
251
252
253
254
255
256
257
258
259
260
266
265
264
263
262
261
260
259
258
257
256
255
254
253
252
251
283
284
285
286
287
288
289
290
291
292
293
294
295
296
297
298
290
289
288
287
286
285
284
283
299
300
301
302
303
304
305
306
300
299
307
308
309
310
311
312
313
299
300
305
304
303
302
301
300
299
283
284
285
286
287
288
289
290
298
297
296
295
294
293
292
291
290
289
288
287
286
285
284
283
251
252
253
254
255
256
257
258
259
260
261
262
263
264
265
266
260
259
258
257
256
255
254
253
252
251
267
268
269
270
271
272
273
274
275
282
281
280
279
278
277
276
275
274
273
272
271
270
269
268
267
251
252
253
254
255
256
257
258
259
260
266
265
264
263
262
261
260
259
258
257
256
255
254
253
252
251
314
315
316
317
318
319
320
321
315
314
322
323
324
325
326
327
328
329
314
315
320
319
318
317
316
315
314
330
331
332
333
334
335
336
337
330
338
339
340
341
342
343
344
330
335
334
333
332
331
330
314
315
316
317
318
319
320
315
314
329
328
327
326
325
324
323
322
314
315
321
320
319
318
317
316
315
314
345
346
347
348
349
350
351
352
345
353
354
355
356
357
358
359
360
345
350
349
348
347
346
345
361
362
363
364
365
366
367
368
369
370
371
372
373
374
375
365
364
363
362
361
345
346
347
348
349
350
345
360
359
358
357
356
355
354
353
345
352
351
350
349
348
347
346
345
314
315
316
317
318
319
320
321
315
314
322
323
324
325
326
327
328
329
314
315
320
319
318
317
316
315
314
330
331
332
333
334
335
330
344
343
342
341
340
339
338
330
337
336
335
334
333
332
331
330
314
315
316
317
318
319
320
315
314
329
328
327
326
325
324
323
322
314
315
321
320
319
318
317
316
315
314
251
252
253
254
255
256
257
258
259
260
261
262
263
264
265
266
260
259
258
257
256
255
254
253
252
251
267
268
269
270
271
272
273
274
275
276
277
278
279
280
281
282
275
274
273
272
271
270
269
268
267
251
252
253
254
255
256
257
258
259
260
266
265
264
263
262
261
260
259
258
257
256
255
254
253
252
251
283
284
285
286
287
288
289
290
291
292
293
294
295
296
297
298
290
289
288
287
286
285
284
283
299
300
301
302
303
304
305
300
299
313
312
311
310
309
308
307
299
300
306
305
304
303
302
301
300
299
283
284
285
286
287
288
289
290
298
297
296
295
294
293
292
291
290
289
288
287
286
285
284
283
251
252
253
254
255
256
257
258
259
260
261
262
263
264
265
266
260
259
258
257
256
255
254
253
252
251
267
268
269
270
271
272
273
274
275
282
281
280
279
278
277
276
275
274
273
272
271
270
269
268
267
251
252
253
254
255
256
257
258
259
260
266
265
264
263
262
261
260
259
258
257
256
255
254
253
252
251
376
377
378
379
380
381
382
383
384
385
386
387
388
389
390
391
385
384
383
382
381
380
379
378
377
376
392
393
394
395
396
397
398
399
400
401
402
403
404
405
406
407
400
399
398
397
396
395
394
393
392
376
377
378
379
380
381
382
383
384
385
391
390
389
388
387
386
385
384
383
382
381
380
379
378
377
376
408
409
410
411
412
413
414
415
416
417
418
419
420
421
422
423
415
414
413
412
411
410
409
408
424
425
426
427
428
429
430
431
425
424
432
433
434
435
436
437
438
424
425
430
429
428
427
426
425
424
408
409
410
411
412
413
414
415
423
422
421
420
419
418
417
416
415
414
413
412
411
410
409
408
376
377
378
379
380
381
382
383
384
385
386
387
388
389
390
391
385
384
383
382
381
380
379
378
377
376
392
393
394
395
396
397
398
399
400
407
406
405
404
403
402
401
400
399
398
397
396
395
394
393
392
376
377
378
379
380
381
382
383
384
385
391
390
389
388
387
386
385
384
383
382
381
380
379
378
377
376
439
440
441
442
443
444
445
446
440
439
447
448
449
450
451
452
453
454
439
440
445
444
443
442
441
440
439
455
456
457
458
459
460
461
462
455
463
464
465
466
467
468
469
455
460
459
458
457
456
455
439
440
441
442
443
444
445
440
439
454
453
452
451
450
449
448
447
439
440
446
445
444
443
442
441
440
439
470
471
472
473
474
475
476
477
470
478
479
480
481
482
483
484
485
470
475
474
473
472
471
470
486
487
488
489
490
491
492
493
494
495
496
497
498
499
500
490
489
488
487
486
470
471
472
473
474
475
470
485
484
483
482
481
480
479
478
470
477
476
475
474
473
472
471
470
439
440
441
442
443
444
445
446
440
439
447
448
449
450
451
452
453
454
439
440
445
444
443
442
441
440
439
455
456
457
458
459
460
455
469
468
467
466
465
464
463
455
462
461
460
459
458
457
456
455
439
440
441
442
443
444
445
440
439
454
453
452
451
450
449
448
447
439
440
446
445
444
443
442
441
440
439
376
377
378
379
380
381
382
383
384
385
386
387
388
389
390
391
385
384
383
382
381
380
379
378
377
376
392
393
394
395
396
397
398
399
400
401
402
403
404
405
406
407
400
399
398
397
396
395
394
393
392
376
377
378
379
380
381
382
383
384
385
391
390
389
388
387
386
385
384
383
382
381
380
379
378
377
376
408
409
410
411
412
413
414
415
416
417
418
419
420
421
422
423
415
414
413
412
411
410
409
408
424
425
426
427
428
429
430
425
424
438
437
436
435
434
433
432
424
425
431
430
429
428
427
426
425
424
408
409
410
411
412
413
414
415
423
422
421
420
419
418
417
416
415
414
413
412
411
410
409
408
376
377
378
379
380
381
382
383
384
385
386
387
388
389
390
391
385
384
383
382
381
380
379
378
377
376
392
393
394
395
396
397
398
399
400
407
406
405
404
403
402
401
400
399
398
397
396
395
394
393
392
376
377
378
379
380
381
382
383
384
385
391
390
389
388
387
386
385
384
383
382
381
380
379
378
377
376
251
252
253
254
255
256
257
258
259
260
261
262
263
264
265
266
260
259
258
257
256
255
254
253
252
251
267
268
269
270
271
272
273
274
275
276
277
278
279
280
281
282
275
274
273
272
271
270
269
268
267
251
252
253
254
255
256
257
258
259
260
266
265
264
263
262
261
260
259
258
257
256
255
254
253
252
251
283
284
285
286
287
288
289
290
291
292
293
294
295
296
297
298
290
289
288
287
286
285
284
283
299
300
301
302
303
304
305
306
300
299
307
308
309
310
311
312
313
299
300
305
304
303
302
301
300
299
283
284
285
286
287
288
289
290
298
297
296
295
294
293
292
291
290
289
288
287
286
285
284
283
251
252
253
254
255
256
257
258
259
260
261
262
263
264
265
266
260
259
258
257
256
255
254
253
252
251
267
268
269
270
271
272
273
274
275
282
281
280
279
278
277
276
275
274
273
272
271
270
269
268
267
251
252
253
254
255
256
257
258
259
260
266
265
264
263
262
261
260
259
258
257
256
255
254
253
252
251
314
315
316
317
318
319
320
321
315
314
322
323
324
325
326
327
328
329
314
315
320
319
318
317
316
315
314
330
331
332
333
334
335
336
337
330
338
339
340
341
342
343
344
330
335
334
333
332
331
330
314
315
316
317
318
319
320
315
314
329
328
327
326
325
324
323
322
314
315
321
320
319
318
317
316
315
314
345
346
347
348
349
350
351
352
345
353
354
355
356
357
358
359
360
345
350
349
348
347
346
345
361
362
363
364
365
375
374
373
372
371
370
369
368
367
366
365
364
363
362
361
345
346
347
348
349
350
345
360
359
358
357
356
355
354
353
345
352
351
350
349
348
347
346
345
314
315
316
317
318
319
320
321
315
314
322
323
324
325
326
327
328
329
314
315
320
319
318
317
316
315
314
330
331
332
333
334
335
330
344
343
342
341
340
339
338
330
337
336
335
334
333
332
331
330
314
315
316
317
318
319
320
315
314
329
328
327
326
325
324
323
322
314
315
321
320
319
318
317
316
315
314
251
252
253
254
255
256
257
258
259
260
261
262
263
264
265
266
260
259
258
257
256
255
254
253
252
251
267
268
269
270
271
272
273
274
275
276
277
278
279
280
281
282
275
274
273
272
271
270
269
268
267
251
252
253
254
255
256
257
258
259
260
266
265
264
263
262
261
260
259
258
257
256
255
254
253
252
251
283
284
285
286
287
288
289
290
291
292
293
294
295
296
297
298
290
289
288
287
286
285
284
283
299
300
301
302
303
304
305
300
299
313
312
311
310
309
308
307
299
300
306
305
304
303
302
301
300
299
283
284
285
286
287
288
289
290
298
297
296
295
294
293
292
291
290
289
288
287
286
285
284
283
251
252
253
254
255
256
257
258
259
260
261
262
263
264
265
266
260
259
258
257
256
255
254
253
252
251
267
268
269
270
271
272
273
274
275
282
281
280
279
278
277
276
275
274
273
272
271
270
269
268
267
251
252
253
254
255
256
257
258
259
260
266
265
264
263
262
261
260
259
258
257
256
255
254
253
252
251
1
2
3
4
5
6
7
8
9
10
11
12
13
14
15
16
10
9
8
7
6
5
4
3
2
1
17
18
19
20
21
22
23
24
25
26
27
28
29
30
31
32
25
24
23
22
21
20
19
18
17
1
2
3
4
5
6
7
8
9
10
16
15
14
13
12
11
10
9
8
7
6
5
4
3
2
1
33
34
35
36
37
38
39
40
41
42
43
44
45
46
47
48
40
39
38
37
36
35
34
33
49
50
51
52
53
54
55
56
50
49
57
58
59
60
61
62
63
49
50
55
54
53
52
51
50
49
33
34
35
36
37
38
39
40
48
47
46
45
44
43
42
41
40
39
38
37
36
35
34
33
1
2
3
4
5
6
7
8
9
10
11
12
13
14
15
16
10
9
8
7
6
5
4
3
2
1
17
18
19
20
21
22
23
24
25
32
31
30
29
28
27
26
25
24
23
22
21
20
19
18
17
1
2
3
4
5
6
7
8
9
10
16
15
14
13
12
11
10
9
8
7
6
5
4
3
2
1
64
65
66
67
68
69
70
71
65
64
72
73
74
75
76
77
78
79
64
65
70
69
68
67
66
65
64
80
81
82
83
84
85
86
87
80
88
89
90
91
92
93
94
80
85
84
83
82
81
80
64
65
66
67
68
69
70
65
64
79
78
77
76
75
74
73
72
64
65
71
70
69
68
67
66
65
64
95
96
97
98
99
100
101
102
95
103
104
105
106
107
108
109
110
95
100
99
98
97
96
95
111
112
113
114
115
116
117
118
119
120
121
122
123
124
125
115
114
113
112
111
95
96
97
98
99
100
95
110
109
108
107
106
105
104
103
95
102
101
100
99
98
97
96
95
64
65
66
67
68
69
70
71
65
64
72
73
74
75
76
77
78
79
64
65
70
69
68
67
66
65
64
80
81
82
83
84
85
80
94
93
92
91
90
89
88
80
87
86
85
84
83
82
81
80
64
65
66
67
68
69
70
65
64
79
78
77
76
75
74
73
72
64
65
71
70
69
68
67
66
65
64
1
2
3
4
5
6
7
8
9
10
11
12
13
14
15
16
10
9
8
7
6
5
4
3
2
1
17
18
19
20
21
22
23
24
25
26
27
28
29
30
31
32
25
24
23
22
21
20
19
18
17
1
2
3
4
5
6
7
8
9
10
16
15
14
13
12
11
10
9
8
7
6
5
4
3
2
1
33
34
35
36
37
38
39
40
41
42
43
44
45
46
47
48
40
39
38
37
36
35
34
33
49
50
51
52
53
54
55
50
49
63
62
61
60
59
58
57
49
50
56
55
54
53
52
51
50
49
33
34
35
36
37
38
39
40
48
47
46
45
44
43
42
41
40
39
38
37
36
35
34
33
1
2
3
4
5
6
7
8
9
10
11
12
13
14
15
16
10
9
8
7
6
5
4
3
2
1
17
18
19
20
21
22
23
24
25
32
31
30
29
28
27
26
25
24
23
22
21
20
19
18
17
1
2
3
4
5
6
7
8
9
10
16
15
14
13
12
11
10
9
8
7
6
5
4
3
2
1
126
127
128
129
130
131
132
133
134
135
136
137
138
139
140
141
135
134
133
132
131
130
129
128
127
126
142
143
144
145
146
147
148
149
150
151
152
153
154
155
156
157
150
149
148
147
146
145
144
143
142
126
127
128
129
130
131
132
133
134
135
141
140
139
138
137
136
135
134
133
132
131
130
129
128
127
126
158
159
160
161
162
163
164
165
166
167
168
169
170
171
172
173
165
164
163
162
161
160
159
158
174
175
176
177
178
179
180
181
175
174
182
183
184
185
186
187
188
174
175
180
179
178
177
176
175
174
158
159
160
161
162
163
164
165
173
172
171
170
169
168
167
166
165
164
163
162
161
160
159
158
126
127
128
129
130
131
132
133
134
135
136
137
138
139
140
141
135
134
133
132
131
130
129
128
127
126
142
143
144
145
146
147
148
149
150
157
156
155
154
153
152
151
150
149
148
147
146
145
144
143
142
126
127
128
129
130
131
132
133
134
135
141
140
139
138
137
136
135
134
133
132
131
130
129
128
127
126
189
190
191
192
193
194
195
196
190
189
197
198
199
200
201
202
203
204
189
190
195
194
193
192
191
190
189
205
206
207
208
209
210
211
212
205
213
214
215
216
217
218
219
205
210
209
208
207
206
205
189
190
191
192
193
194
195
190
189
204
203
202
201
200
199
198
197
189
190
196
195
194
193
192
191
190
189
220
221
222
223
224
225
226
227
220
228
229
230
231
232
233
234
235
220
225
224
223
222
221
220
236
237
238
239
240
250
249
248
247
246
245
244
243
242
241
240
239
238
237
236
220
221
222
223
224
225
220
235
234
233
232
231
230
229
228
220
227
226
225
224
223
222
221
220
189
190
191
192
193
194
195
196
190
189
197
198
199
200
201
202
203
204
189
190
195
194
193
192
191
190
189
205
206
207
208
209
210
205
219
218
217
216
215
214
213
205
212
211
210
209
208
207
206
205
189
190
191
192
193
194
195
190
189
204
203
202
201
200
199
198
197
189
190
196
195
194
193
192
191
190
189
126
127
128
129
130
131
132
133
134
135
136
137
138
139
140
141
135
134
133
132
131
130
129
128
127
126
142
143
144
145
146
147
148
149
150
151
152
153
154
155
156
157
150
149
148
147
146
145
144
143
142
126
127
128
129
130
131
132
133
134
135
141
140
139
138
137
136
135
134
133
132
131
130
129
128
127
126
158
159
160
161
162
163
164
165
166
167
168
169
170
171
172
173
165
164
163
162
161
160
159
158
174
175
176
177
178
179
180
175
174
188
187
186
185
184
183
182
174
175
181
180
179
178
177
176
175
174
158
159
160
161
162
163
164
165
173
172
171
170
169
168
167
166
165
164
163
162
161
160
159
158
126
127
128
129
130
131
132
133
134
135
136
137
138
139
140
141
135
134
133
132
131
130
129
128
127
126
142
143
144
145
146
147
148
149
150
157
156
155
154
153
152
151
150
149
148
147
146
145
144
143
142
126
127
128
129
130
131
132
133
134
135
141
140
139
138
137
136
135
134
133
132
131
130
129
128
127
126
1
2
3
4
5
6
7
8
9
10
11
12
13
14
15
16
10
9
8
7
6
5
4
3
2
1
17
18
19
20
21
22
23
24
25
26
27
28
29
30
31
32
25
24
23
22
21
20
19
18
17
1
2
3
4
5
6
7
8
9
10
16
15
14
13
12
11
10
9
8
7
6
5
4
3
2
1
33
34
35
36
37
38
39
40
41
42
43
44
45
46
47
48
40
39
38
37
36
35
34
33
49
50
51
52
53
54
55
56
50
49
57
58
59
60
61
62
63
49
50
55
54
53
52
51
50
49
33
34
35
36
37
38
39
40
48
47
46
45
44
43
42
41
40
39
38
37
36
35
34
33
1
2
3
4
5
6
7
8
9
10
11
12
13
14
15
16
10
9
8
7
6
5
4
3
2
1
17
18
19
20
21
22
23
24
25
32
31
30
29
28
27
26
25
24
23
22
21
20
19
18
17
1
2
3
4
5
6
7
8
9
10
16
15
14
13
12
11
10
9
8
7
6
5
4
3
2
1
64
65
66
67
68
69
70
71
65
64
72
73
74
75
76
77
78
79
64
65
70
69
68
67
66
65
64
80
81
82
83
84
85
86
87
80
88
89
90
91
92
93
94
80
85
84
83
82
81
80
64
65
66
67
68
69
70
65
64
79
78
77
76
75
74
73
72
64
65
71
70
69
68
67
66
65
64
95
96
97
98
99
100
101
102
95
103
104
105
106
107
108
109
110
95
100
99
98
97
96
95
111
112
113
114
115
125
124
123
122
121
120
119
118
117
116
115
114
113
112
111
95
96
97
98
99
100
95
110
109
108
107
106
105
104
103
95
102
101
100
99
98
97
96
95
64
65
66
67
68
69
70
71
65
64
72
73
74
75
76
77
78
79
64
65
70
69
68
67
66
65
64
80
81
82
83
84
85
80
94
93
92
91
90
89
88
80
87
86
85
84
83
82
81
80
64
65
66
67
68
69
70
65
64
79
78
77
76
75
74
73
72
64
65
71
70
69
68
67
66
65
64
1
2
3
4
5
6
7
8
9
10
11
12
13
14
15
16
10
9
8
7
6
5
4
3
2
1
17
18
19
20
21
22
23
24
25
26
27
28
29
30
31
32
25
24
23
22
21
20
19
18
17
1
2
3
4
5
6
7
8
9
10
16
15
14
13
12
11
10
9
8
7
6
5
4
3
2
1
33
34
35
36
37
38
39
40
41
42
43
44
45
46
47
48
40
39
38
37
36
35
34
33
49
50
51
52
53
54
55
50
49
63
62
61
60
59
58
57
49
50
56
55
54
53
52
51
50
49
33
34
35
36
37
38
39
40
48
47
46
45
44
43
42
41
40
39
38
37
36
35
34
33
1
2
3
4
5
6
7
8
9
10
11
12
13
14
15
16
10
9
8
7
6
5
4
3
2
1
17
18
19
20
21
22
23
24
25
32
31
30
29
28
27
26
25
24
23
22
21
20
19
18
17
1
2
3
4
5
6
7
8
9
10
16
15
14
13
12
11
10
9
8
7
6
5
4
3
2
1
