500
0
0
0
0
0
2 1 2
2 2 3
2 3 4
2 4 5
2 5 1
2 6 7
2 7 8
2 8 9
2 9 10
2 10 6
2 11 12
2 12 13
2 13 14
2 14 15
2 15 11
2 16 17
2 17 18
2 18 19
2 19 20
2 20 16
2 21 22
2 22 23
2 23 24
2 24 25
2 25 21
2 26 27
2 27 28
2 28 29
2 29 30
2 30 26
2 31 32
2 32 33
2 33 34
2 34 35
2 35 31
2 36 37
2 37 38
2 38 39
2 39 40
2 40 36
2 41 42
2 42 43
2 43 44
2 44 45
2 45 41
2 46 47
2 47 48
2 48 49
2 49 50
2 50 46
2 51 52
2 52 53
2 53 54
2 54 55
2 55 51
2 56 57
2 57 58
2 58 59
2 59 60
2 60 56
2 61 62
2 62 63
2 63 64
2 64 65
2 65 61
2 66 67
2 67 68
2 68 69
2 69 70
2 70 66
2 71 72
2 72 73
2 73 74
2 74 75
2 75 71
2 76 77
2 77 78
2 78 79
2 79 80
2 80 76
2 81 82
2 82 83
2 83 84
2 84 85
2 85 81
2 86 87
2 87 88
2 88 89
2 89 90
2 90 86
2 91 92
2 92 93
2 93 94
2 94 95
2 95 91
2 96 97
2 97 98
2 98 99
2 99 100
2 100 96
2 101 102
2 102 103
2 103 104
2 104 105
2 105 101
2 106 107
2 107 108
2 108 109
2 109 110
2 110 106
2 111 112
2 112 113
2 113 114
2 114 115
2 115 111
2 116 117
2 117 118
2 118 119
2 119 120
2 120 116
2 121 122
2 122 123
2 123 124
2 124 125
2 125 121
2 126 127
2 127 128
2 128 129
2 129 130
2 130 126
2 131 132
2 132 133
2 133 134
2 134 135
2 135 131
2 136 137
2 137 138
2 138 139
2 139 140
2 140 136
2 141 142
2 142 143
2 143 144
2 144 145
2 145 141
2 146 147
2 147 148
2 148 149
2 149 150
2 150 146
2 151 152
2 152 153
2 153 154
2 154 155
2 155 151
2 156 157
2 157 158
2 158 159
2 159 160
2 160 156
2 161 162
2 162 163
2 163 164
2 164 165
2 165 161
2 166 167
2 167 168
2 168 169
2 169 170
2 170 166
2 171 172
2 172 173
2 173 174
2 174 175
2 175 171
2 176 177
2 177 178
2 178 179
2 179 180
2 180 176
2 181 182
2 182 183
2 183 184
2 184 185
2 185 181
2 186 187
2 187 188
2 188 189
2 189 190
2 190 186
2 191 192
2 192 193
2 193 194
2 194 195
2 195 191
2 196 197
2 197 198
2 198 199
2 199 200
2 200 196
2 201 202
2 202 203
2 203 204
2 204 205
2 205 201
2 206 207
2 207 208
2 208 209
2 209 210
2 210 206
2 211 212
2 212 213
2 213 214
2 214 215
2 215 211
2 216 217
2 217 218
2 218 219
2 219 220
2 220 216
2 221 222
2 222 223
2 223 224
2 224 225
2 225 221
2 226 227
2 227 228
2 228 229
2 229 230
2 230 226
2 231 232
2 232 233
2 233 234
2 234 235
2 235 231
2 236 237
2 237 238
2 238 239
2 239 240
2 240 236
2 241 242
2 242 243
2 243 244
2 244 245
2 245 241
2 246 247
2 247 248
2 248 249
2 249 250
2 250 246
2 251 252
2 252 253
2 253 254
2 254 255
2 255 251
2 256 257
2 257 258
2 258 259
2 259 260
2 260 256
2 261 262
2 262 263
2 263 264
2 264 265
2 265 261
2 266 267
2 267 268
2 268 269
2 269 270
2 270 266
2 271 272
2 272 273
2 273 274
2 274 275
2 275 271
2 276 277
2 277 278
2 278 279
2 279 280
2 280 276
2 281 282
2 282 283
2 283 284
2 284 285
2 285 281
2 286 287
2 287 288
2 288 289
2 289 290
2 290 286
2 291 292
2 292 293
2 293 294
2 294 295
2 295 291
2 296 297
2 297 298
2 298 299
2 299 300
2 300 296
2 301 302
2 302 303
2 303 304
2 304 305
2 305 301
2 306 307
2 307 308
2 308 309
2 309 310
2 310 306
2 311 312
2 312 313
2 313 314
2 314 315
2 315 311
2 316 317
2 317 318
2 318 319
2 319 320
2 320 316
2 321 322
2 322 323
2 323 324
2 324 325
2 325 321
2 326 327
2 327 328
2 328 329
2 329 330
2 330 326
2 331 332
2 332 333
2 333 334
2 334 335
2 335 331
2 336 337
2 337 338
2 338 339
2 339 340
2 340 336
2 341 342
2 342 343
2 343 344
2 344 345
2 345 341
2 346 347
2 347 348
2 348 349
2 349 350
2 350 346
2 351 352
2 352 353
2 353 354
2 354 355
2 355 351
2 356 357
2 357 358
2 358 359
2 359 360
2 360 356
2 361 362
2 362 363
2 363 364
2 364 365
2 365 361
2 366 367
2 367 368
2 368 369
2 369 370
2 370 366
2 371 372
2 372 373
2 373 374
2 374 375
2 375 371
2 376 377
2 377 378
2 378 379
2 379 380
2 380 376
2 381 382
2 382 383
2 383 384
2 384 385
2 385 381
2 386 387
2 387 388
2 388 389
2 389 390
2 390 386
2 391 392
2 392 393
2 393 394
2 394 395
2 395 391
2 396 397
2 397 398
2 398 399
2 399 400
2 400 396
2 401 402
2 402 403
2 403 404
2 404 405
2 405 401
2 406 407
2 407 408
2 408 409
2 409 410
2 410 406
2 411 412
2 412 413
2 413 414
2 414 415
2 415 411
2 416 417
2 417 418
2 418 419
2 419 420
2 420 416
2 421 422
2 422 423
2 423 424
2 424 425
2 425 421
2 426 427
2 427 428
2 428 429
2 429 430
2 430 426
2 431 432
2 432 433
2 433 434
2 434 435
2 435 431
2 436 437
2 437 438
2 438 439
2 439 440
2 440 436
2 441 442
2 442 443
2 443 444
2 444 445
2 445 441
2 446 447
2 447 448
2 448 449
2 449 450
2 450 446
2 451 452
2 452 453
2 453 454
2 454 455
2 455 451
2 456 457
2 457 458
2 458 459
2 459 460
2 460 456
2 461 462
2 462 463
2 463 464
2 464 465
2 465 461
2 466 467
2 467 468
2 468 469
2 469 470
2 470 466
2 471 472
2 472 473
2 473 474
2 474 475
2 475 471
2 476 477
2 477 478
2 478 479
2 479 480
2 480 476
2 481 482
2 482 483
2 483 484
2 484 485
2 485 481
2 486 487
2 487 488
2 488 489
2 489 490
2 490 486
2 491 492
2 492 493
2 493 494
2 494 495
2 495 491
990
1
2
3
4
5
6
7
8
9
10
1
2
3
4
5
11
12
13
14
15
6
7
8
9
10
16
17
18
19
20
11
12
13
14
15
21
22
23
24
25
16
17
18
19
20
26
27
28
29
30
21
22
23
24
25
31
32
33
34
35
26
27
28
29
30
36
37
38
39
40
31
32
33
34
35
41
42
43
44
45
36
37
38
39
40
46
47
48
49
50
41
42
43
44
45
51
52
53
54
55
46
47
48
49
50
56
57
58
59
60
51
52
53
54
55
61
62
63
64
65
56
57
58
59
60
66
67
68
69
70
61
62
63
64
65
71
72
73
74
75
66
67
68
69
70
76
77
78
79
80
71
72
73
74
75
81
82
83
84
85
76
77
78
79
80
86
87
88
89
90
81
82
83
84
85
91
92
93
94
95
86
87
88
89
90
96
97
98
99
100
91
92
93
94
95
101
102
103
104
105
96
97
98
99
100
106
107
108
109
110
101
102
103
104
105
111
112
113
114
115
106
107
108
109
110
116
117
118
119
120
111
112
113
114
115
121
122
123
124
125
116
117
118
119
120
126
127
128
129
130
121
122
123
124
125
131
132
133
134
135
126
127
128
129
130
136
137
138
139
140
131
132
133
134
135
141
142
143
144
145
136
137
138
139
140
146
147
148
149
150
141
142
143
144
145
151
152
153
154
155
146
147
148
149
150
156
157
158
159
160
151
152
153
154
155
161
162
163
164
165
156
157
158
159
160
166
167
168
169
170
161
162
163
164
165
171
172
173
174
175
166
167
168
169
170
176
177
178
179
180
171
172
173
174
175
181
182
183
184
185
176
177
178
179
180
186
187
188
189
190
181
182
183
184
185
191
192
193
194
195
186
187
188
189
190
196
197
198
199
200
191
192
193
194
195
201
202
203
204
205
196
197
198
199
200
206
207
208
209
210
201
202
203
204
205
211
212
213
214
215
206
207
208
209
210
216
217
218
219
220
211
212
213
214
215
221
222
223
224
225
216
217
218
219
220
226
227
228
229
230
221
222
223
224
225
231
232
233
234
235
226
227
228
229
230
236
237
238
239
240
231
232
233
234
235
241
242
243
244
245
236
237
238
239
240
246
247
248
249
250
241
242
243
244
245
251
252
253
254
255
246
247
248
249
250
256
257
258
259
260
251
252
253
254
255
261
262
263
264
265
256
257
258
259
260
266
267
268
269
270
261
262
263
264
265
271
272
273
274
275
266
267
268
269
270
276
277
278
279
280
271
272
273
274
275
281
282
283
284
285
276
277
278
279
280
286
287
288
289
290
281
282
283
284
285
291
292
293
294
295
286
287
288
289
290
296
297
298
299
300
291
292
293
294
295
301
302
303
304
305
296
297
298
299
300
306
307
308
309
310
301
302
303
304
305
311
312
313
314
315
306
307
308
309
310
316
317
318
319
320
311
312
313
314
315
321
322
323
324
325
316
317
318
319
320
326
327
328
329
330
321
322
323
324
325
331
332
333
334
335
326
327
328
329
330
336
337
338
339
340
331
332
333
334
335
341
342
343
344
345
336
337
338
339
340
346
347
348
349
350
341
342
343
344
345
351
352
353
354
355
346
347
348
349
350
356
357
358
359
360
351
352
353
354
355
361
362
363
364
365
356
357
358
359
360
366
367
368
369
370
361
362
363
364
365
371
372
373
374
375
366
367
368
369
370
376
377
378
379
380
371
372
373
374
375
381
382
383
384
385
376
377
378
379
380
386
387
388
389
390
381
382
383
384
385
391
392
393
394
395
386
387
388
389
390
396
397
398
399
400
391
392
393
394
395
401
402
403
404
405
396
397
398
399
400
406
407
408
409
410
401
402
403
404
405
411
412
413
414
415
406
407
408
409
410
416
417
418
419
420
411
412
413
414
415
421
422
423
424
425
416
417
418
419
420
426
427
428
429
430
421
422
423
424
425
431
432
433
434
435
426
427
428
429
430
436
437
438
439
440
431
432
433
434
435
441
442
443
444
445
436
437
438
439
440
446
447
448
449
450
441
442
443
444
445
451
452
453
454
455
446
447
448
449
450
456
457
458
459
460
451
452
453
454
455
461
462
463
464
465
456
457
458
459
460
466
467
468
469
470
461
462
463
464
465
471
472
473
474
475
466
467
468
469
470
476
477
478
479
480
471
472
473
474
475
481
482
483
484
485
476
477
478
479
480
486
487
488
489
490
481
482
483
484
485
491
492
493
494
495
486
487
488
489
490
496
497
498
499
500
