50
11676 94
35633 116
50021 223
50650 274
105861 489
106454 54
114366 86
141347 224
159277 428
191199 490
223800 43
252072 274
258874 217
277487 128
281829 434
295038 369
337624 489
348053 374
359728 440
366415 351
416411 91
417968 245
437021 388
511921 304
569006 262
576866 475
583309 279
594038 299
618941 434
641202 480
661027 164
676461 28
723085 95
728666 387
738608 153
785236 435
787227 292
788766 90
806849 159
834384 219
854382 79
864073 53
872374 344
873680 147
882362 180
921214 277
925611 15
933011 20
967332 2
979074 307
