109038219
99163896
323774792
300633227
296366068
57484540
332792695
322917697
139864923
73511820
12065472
51427272
341773787
78129894
301490322
340916692
22796790
277253574
190472098
38906790
155730084
224982225
17337317
122011359
286062612
89997726
323811603
336999891
27691608
336221075
341773787
22022988
82119716
227732076
318686459
4292280
173072550
204192538
240202701
303331032
164364603
252082824
352710951
171260706
228455766
306470542
50486475
254739842
82703838
255254766
300450083
261023345
89056929
205046958
396627867
289504602
178635480
232051788
288252978
237356640
