60
40509 142
41755 129
53606 459
58473 407
62117 400
87286 75
90077 480
111029 457
113222 182
134621 96
150617 16
157945 67
160483 500
189952 102
229779 409
233998 498
237558 30
238235 368
262093 248
286190 51
286599 203
287044 294
301913 23
352170 159
357843 381
358553 117
359094 453
368674 480
379557 36
401113 478
417588 488
434695 29
441936 107
455105 298
455666 435
463287 6
466541 225
477003 266
508067 314
508460 406
526401 214
606451 329
652024 472
741294 213
760399 282
775920 380
778271 62
787886 312
796576 100
798623 309
811309 362
851843 302
852542 103
856560 237
857095 460
858456 335
865324 205
869012 264
916617 314
988986 240
