105989188
112565996
54117904
249721738
177981844
52391054
172740938
290591553
76498603
280485829
74992350
2909163
170982558
106757654
48376720
174982150
53212140
277069968
23902896
79991840
35800740
64027706
357587357
19394420
5767956
165198973
251973565
121512788
350874537
161687988
73995722
338495967
265102954
126987046
205877855
310912710
54117904
351296263
214573538
130037102
131986536
166012837
8363898
290729581
265104613
333646096
338314601
202009191
222890038
252718246
158983782
257977176
316053953
148501942
158048089
207195702
323994418
425415675
206012781
166982966
32302782
287973729
117564508
203187912
307730473
218438286
102565720
228041155
30874574
215977968
