70
32962 126
53866 134
85872 64
101301 308
120737 214
131581 62
144258 207
145789 367
147745 91
151266 352
168092 89
214506 4
247467 205
251316 127
255527 57
257049 210
287885 63
305630 347
324830 28
327678 95
333223 42
334884 76
344002 488
378936 23
395509 7
398438 198
412750 311
421856 145
448414 464
460531 194
463113 88
493231 441
535499 327
535747 151
542696 248
543908 393
564444 64
574098 454
579900 259
594202 155
607359 157
615332 199
618678 10
627894 361
632964 326
655787 419
670788 422
715571 240
717579 265
744681 301
762935 186
763621 306
782587 377
792179 173
848807 180
849393 235
851601 371
852154 490
870505 231
880505 186
883214 36
895048 318
929322 126
947146 214
961326 320
966187 226
967300 106
969721 235
995954 31
999898 216
