175165704
172021143
371542406
250459111
259592218
220672000
168075476
154112100
194687360
26606944
85014921
72032932
327206457
260425029
100262054
205322836
39236262
240387018
364518379
246261635
372391160
186933528
96860825
350454026
265305468
146588217
300316954
78485266
149146638
61156296
98594478
309129217
228122463
90148924
166552866
352541462
189573502
208337678
115994787
361058630
231638308
197218526
319014373
45927601
52646676
19176860
247227299
90926032
257313892
112716853
217580378
134508538
289402059
192633836
368550913
160258012
337889885
285719966
116612967
75243091
351100272
217099626
400710316
41552174
185214902
26282286
1685796
383162110
250922090
124467234
234987029
383218268
211473927
150286166
309491107
138800739
178036650
127552473
104155726
347877148
