80
30540 212
35910 208
55502 491
112022 311
116025 323
121678 271
125399 203
132960 185
158094 237
165314 32
174778 102
175830 86
192644 418
197011 324
230701 120
243394 251
246243 47
246763 297
247550 478
260056 305
260884 491
261048 227
268312 116
269464 453
326927 331
332152 176
336598 379
353224 94
405039 179
407981 73
412682 118
418171 391
418967 281
465941 108
480695 201
484866 455
488350 230
492209 255
498535 139
502656 466
541111 286
547897 240
549036 404
563764 55
564600 63
568948 23
583834 306
598417 109
612197 319
628938 135
630745 266
631917 161
643209 361
653253 233
671048 465
711115 191
761750 409
761898 344
781370 137
803266 87
805781 416
806354 254
807953 477
821018 48
827227 214
839944 30
842898 2
846101 443
866706 284
870463 140
891504 261
902259 422
905335 232
910511 164
942695 328
950248 146
956982 186
958843 133
973418 107
977183 356
