356059264
249806378
79912581
248455614
35092128
359425908
370949979
34197740
309341970
121987515
111601024
103529341
289812448
30074893
146440162
376120554
228557269
345046581
109814666
27033411
318180312
202990788
342440184
287737134
363493557
147877854
196573747
271249954
128646978
320429786
370228326
362833290
56958204
62874929
223904664
91790802
308732410
209331028
125091304
229982204
320429786
234069269
322513542
101692817
144683994
345818354
362372022
358443870
303449742
353062509
380048706
113054880
164000346
228640694
388482291
18658722
255840430
198691741
175905057
375249962
1326990
159108794
239723521
59700634
100878758
57150004
152061339
298539552
149411509
278115072
124718826
359252318
391833162
339437968
345738076
130501449
296575476
323919212
397979733
75616926
290735182
272892746
201597212
345677376
399716759
69282756
240654042
240664770
160761952
463521936
