90
16996 459
41137 311
45097 98
49010 309
58995 43
74987 464
76510 482
99558 42
99821 393
108004 150
116744 137
117646 127
122483 365
124816 37
124857 180
126659 490
139400 283
144530 442
166371 135
169954 33
185666 405
193850 251
196120 438
197665 362
197875 470
204726 182
218646 243
220868 340
221479 158
237322 408
254317 480
274384 469
289752 70
305805 77
307267 277
330320 113
342288 392
365141 259
372690 154
378656 285
386263 408
400824 290
405078 411
449716 125
454916 178
463401 442
469646 466
496477 460
508164 383
510867 452
516531 493
522395 139
525406 202
557554 282
577281 500
580112 23
630399 315
656565 243
659566 215
662053 473
663495 2
679048 194
686808 293
696332 72
710882 122
714064 69
719041 184
731999 365
742750 179
749247 337
754300 149
759958 439
771773 478
777096 411
788395 415
794654 155
805706 352
828710 380
836499 466
863382 86
864166 331
868220 310
894211 224
894958 384
895243 444
908381 76
930521 258
931117 258
945503 170
982038 472
