263077644
354371604
62991804
175422222
175422222
172847430
338080928
99824922
128320050
98117514
121026611
105566422
377055710
331022724
143349646
237693048
82997236
289061928
248762586
180712188
45152772
2942094
317147520
143349646
102209024
200603886
361242678
140245976
260529924
166502448
384541368
392804769
391715892
328049466
170647614
168838938
96316988
380937189
144299388
100755588
78295794
257969892
200074716
52957692
186338782
218328100
286635612
145689642
379617926
7522184
318270928
307248834
9963558
115321907
41791894
390766704
309919054
286635612
128714186
43353719
328552316
112088178
324629524
323094036
31410624
85792610
366701820
1987035
352826616
102776524
387919140
16848462
240003674
180454594
68931541
12760566
277801374
239601047
35147578
257682360
249551312
369896376
157241391
137811930
368683992
72637068
433410598
134514572
387186351
129641775
184821234
171575203
119651318
91459616
407866554
15317568
48127059
369741632
363205842
473739108
