100
2378 323
22685 440
65934 74
69296 212
83093 212
87528 209
91027 419
92194 118
98124 153
102577 116
110055 144
116669 125
127828 471
128679 410
150318 172
162308 291
166118 98
166346 356
168159 305
169782 219
221268 53
232224 4
233457 392
234725 172
240571 121
269793 244
282558 449
283688 168
291767 320
294839 201
326422 481
334713 494
349622 492
349889 406
351501 206
357701 204
364174 114
367708 476
404748 173
414336 119
431246 92
431659 317
435548 243
440915 62
441661 226
457229 266
460182 353
464621 175
504766 473
507289 9
520253 393
532676 378
573272 12
574079 136
576584 49
576644 485
587138 379
589624 350
590546 152
597761 51
598004 402
599483 132
628345 396
634966 394
642529 37
648321 101
656374 449
662345 3
680170 429
686956 121
686972 473
692418 20
701038 289
707322 215
735524 81
739513 15
740196 332
749321 285
761313 41
770128 304
788726 293
798639 434
820419 181
838563 157
841514 421
849636 82
854072 493
854524 152
881661 431
885269 144
905778 202
927589 184
929966 128
940273 97
949188 429
957348 16
962009 50
980698 377
981582 370
991086 478
