700890469
757729096
804764575
917814490
954437235
597779280
487470520
574680183
881326258
960759020
174512100
271087018
367428496
175459392
230094480
322664966
541771866
51348648
461355848
262333012
60104337
361620262
619872900
549498455
855909942
82696821
739402120
353798886
184285585
938787400
939703742
255534864
102215861
150996040
205783906
92436622
118870885
690364971
665305266
30758634
59119500
209715240
643017036
766295127
384850395
242782072
116883234
295540312
294556734
913088970
555388976
353798886
307147634
544627220
272064740
192991006
625608260
38636052
544627220
179367280
354782379
857824110
433309429
455505240
38636052
5993706
885106372
156855717
66954172
918721943
530175357
469113877
161791020
542719053
264273131
882189712
781737554
720280442
208730390
446704854
666300317
132549564
796163947
961528002
674950172
439104160
534965005
670074478
477813780
448683850
219387863
200862516
677792826
19903760
24834875
716355481
25809212
908458862
243775764
92436622
235943094
142288487
560192928
396453976
682613582
192991006
650764145
834245700
907473240
854978606
311003804
606428621
16933360
478782706
941565130
62052669
910298657
510673293
102215861
760549024
328575590
661441058
333481298
33720928
680717055
357696482
120835924
76843767
639174400
363582380
169653880
870137971
843731274
98308266
298392997
557307421
291605710
318728602
761503551
231081488
204795410
443876731
207740644
563124108
914953418
183301988
957609738
233968346
62052669
439104160
366485268
389610780
128662065
696106314
762478108
179367280
80731869
879471679
256497960
89551440
615997357
424561516
953691474
490334204
859703145
628547112
416751408
523324040
939703742
549498455
123766138
520453471
18914804
330532492
452583693
310027604
511666576
446704854
541771866
572745420
255534864
276928491
331524784
723180233
961528002
122808981
897248608
422589252
376163942
185270880
510673293
17919576
942543526
500991117
846631521
211656163
156855717
635332836
731709726
472963850
212613639
852216093
18914804
231081488
212613639
471991817
538889505
92436622
287687520
449657785
663389784
878536782
724158263
365503704
633377698
94398312
486489137
564094997
516526660
231081488
117876218
53319006
591083838
438151517
890622129
468144753
646878884
422589252
130634772
408059473
888817755
682613582
632418273
907473240
907473240
214521912
751973286
818096478
307147634
66954172
298392997
959127293
942543526
392557709
701872744
945030763
485493957
558278890
881326258
371292933
786509920
30758634
764348772
407090712
468144753
687484264
243775764
484515970
137383416
714388556
886069537
401262119
426536705
887853190
681688084
707685948
134502018
463288592
556343477
440038476
867286665
223301928
775949835
218421566
947775790
847544060
198889201
469113877
436209084
110987968
835231716
251631634
483555204
630463782
25809212
320705001
688447418
611170128
800876000
195959820
354782379
91468608
594878025
149062338
9986440
645913734
853193784
486489137
136462960
780771345
295540312
378070802
31744896
442909185
929742842
14962635
320705001
503896680
822886824
752941832
948451534
60104337
376163942
467176149
61083702
741318102
784611368
748082233
381947611
615997357
314843769
732690600
705777065
903814680
253565860
87605408
582407708
136462960
572745420
88571732
912160953
237898272
804764575
320705001
677792826
768193319
675923043
368362813
643017036
529206605
149062338
626592889
924284421
861618738
463288592
17919576
635332836
617948883
137383416
386775819
604503584
451585712
490334204
679754639
727907769
740349208
765305390
679754639
873036058
708636397
138376724
192991006
938787400
937016038
850324857
20895336
111977040
557307421
388642509
124745500
455505240
873980269
120835924
412877900
769120942
582407708
771064167
774000250
229134572
279808480
189148040
829604223
727907769
676861215
877691800
824830875
446704854
675923043
535910137
692299620
753845430
42553273
255534864
98308266
357696482
135480480
118870885
807514240
690364971
505819722
927026528
173566566
410942557
80731869
920551690
550493631
31744896
96359315
353798886
260401780
376163942
879471679
461355848
473943727
588190948
711530854
329552520
405120941
416751408
233968346
467176149
540791921
616984674
719286936
637237528
84861
851240290
753845430
807514240
572745420
629483016
140321508
114921340
410038284
562141802
410942557
951001352
593905061
845658886
680717055
223301928
251631634
592079071
53319006
93417492
550493631
763418174
761503551
324647375
550493631
22867152
787487582
117876218
9986440
536904632
752941832
9986440
418663294
874869960
191043072
360639722
535910137
671058075
813255810
937016038
262333012
594878025
301338850
851240290
471021472
8988390
446704854
719286936
600685695
499050709
184285585
520453471
291605710
938787400
839964446
210672317
340245589
28779223
327577932
349928250
565084522
450635086
699948278
352815579
356732868
261361733
80731869
886069537
926108199
890622129
232994754
563124108
518492595
532087375
444851469
358670079
540791921
260401780
448683850
511666576
756742895
630463782
401262119
418663294
603586864
613085192
627570448
935061756
641105116
324647375
318728602
234951825
772035085
389610780
921472346
156855717
647867160
35695584
417714088
607393216
924284421
17919576
197907639
815214006
549498455
9986440
203812524
460374884
271087018
649778189
341175288
398411715
309039081
738473884
185270880
281747392
381021084
182318441
251631634
392557709
505819722
904693101
624653831
647867160
326596465
915914407
801863113
999795
948451534
590127604
943361602
285714572
607393216
176450292
129651144
527239461
528223008
672993531
12973623
167687744
692299620
353798886
900981667
371292933
462298337
118870885
650764145
212613639
641105116
272064740
602596026
174512100
208730390
596799559
192015632
533975317
545611392
22867152
873036058
530175357
946831083
851240290
811308154
590127604
400287603
312935835
144245855
298392997
12973623
499050709
803776844
75853386
221347611
738473884
446704854
680717055
228144748
124745500
887853190
864492204
735547632
860658823
412877900
937016038
488398869
602596026
843731274
404175420
957609738
120835924
926108199
942543526
346032564
143282304
903814680
742260275
454522705
422589252
410942557
806562279
914040165
244755490
880454687
167687744
9986440
358670079
218421566
237898272
820947386
480674533
474923560
587202672
372240572
881326258
895376672
230094480
516526660
145217422
631427092
849438164
265258392
927026528
826746722
608361159
103200032
135480480
721242622
556343477
556343477
159826400
733662862
841827390
403202590
645913734
38636052
752941832
374211516
598749669
361620262
565995767
106128057
832519855
522343150
816184634
117876218
789393284
74883525
632418273
928800300
75853386
852216093
228144748
35695584
710569341
832519855
138376724
843731274
584314745
63992110
770105523
113930945
796163947
643998315
854103105
811308154
52334373
639174400
556343477
649778189
370330584
149062338
125726758
232022996
39626320
937016038
349928250
827730340
388642509
351879344
163774336
464277855
233968346
390589841
499050709
315790920
593905061
636266607
531110375
548511022
69926570
671058075
660472711
863543104
344091945
545611392
77841192
736517625
554417805
632418273
415775820
917814490
778840305
878536782
524297942
190080908
850324857
242782072
389610780
269170206
928800300
551454448
729812998
537898828
933166861
599726134
848473955
899172900
264273131
750031210
479703499
673960202
451585712
167687744
568883355
163774336
81714636
644942264
895376672
4995010
306203849
684541569
299389200
455505240
594878025
819039075
12973623
475902420
434256307
402210901
112940327
396453976
945030763
840913820
926108199
914040165
471021472
182318441
847544060
103200032
303285986
698030868
774977920
122808981
235943094
713432212
286698937
317753364
727907769
555388976
663389784
404175420
268186438
952769340
228144748
857824110
180357738
240835156
704802303
612126072
640150752
816184634
378070802
619872900
59119500
678773909
904693101
867286665
231081488
157842316
344091945
870137971
853193784
489367900
23845920
118870885
572745420
310027604
774977920
329552520
859703145
468144753
101228166
500991117
796163947
328575590
729812998
4995010
566920047
465262896
951001352
234951825
651741085
705777065
225235128
709610279
753845430
161791020
943361602
11981364
318728602
662413832
881326258
201841066
179367280
279808480
320705001
120835924
923320141
123766138
448683850
191043072
927026528
548511022
689376821
756742895
245741946
448683850
133526488
808411380
906560814
463288592
414829503
927026528
196925309
637237528
40605990
321678644
168658391
17919576
333481298
486489137
50371221
587202672
56233065
229134572
236934299
376163942
348936840
192991006
838053226
165742202
382921485
798968000
82696821
99288772
922404535
327577932
885106372
432327551
506805304
825778660
888817755
291605710
159826400
459406600
298392997
199870620
776918512
466193638
560192928
480674533
943361602
609287975
437170286
33720928
835231716
671058075
750031210
555388976
860658823
952769340
90526709
274026359
159826400
514571005
713432212
114921340
211656163
630463782
545611392
715373686
825778660
805619680
377151208
13971496
294556734
672993531
214521912
441917784
166715717
771064167
914953418
486489137
750031210
385797105
857824110
615997357
83670720
639174400
541771866
317753364
959991911
178038
926108199
156855717
514571005
672993531
613085192
723180233
332489415
528223008
808411380
529206605
364529150
214521912
881326258
25809212
882189712
469113877
468144753
422589252
269170206
415775820
901926417
46479851
169653880
794207107
32731083
594878025
802835385
910298657
905592827
800876000
910298657
866355065
329552520
797117226
907473240
934140735
551454448
613085192
836164674
729812998
170614812
571767575
937016038
82696821
596799559
229134572
550493631
434256307
648802931
188155548
845658886
584314745
575657595
387734608
748082233
942543526
7990032
581419164
263301524
290624610
751973286
547560568
187179376
109997892
375188940
127681152
420621091
295540312
738473884
286698937
395463024
279808480
853193784
706744635
701872744
820947386
928800300
280762662
284723825
946831083
806562279
501975892
902833840
752941832
884150607
683587135
729812998
267220636
634366270
364529150
555388976
416751408
904693101
111977040
525290172
652673133
238889188
937016038
317753364
347958262
599726134
709610279
958298214
822886824
446704854
697099580
45501682
749050295
348936840
330532492
730743170
526285388
200862516
36665964
308138508
115893396
719286936
409048596
723180233
383897127
769120942
307147634
168658391
77841192
417714088
691309384
729812998
23845920
32731083
417714088
712512308
999795
155865106
78803211
197907639
600685695
774000250
242782072
719286936
150996040
907473240
480674533
675923043
141301202
516526660
353798886
597779280
606428621
758674260
349928250
359652102
895376672
24834875
526285388
4995010
781737554
587202672
106128057
178404240
952769340
522343150
261361733
334460717
46479851
339264220
530175357
15955392
141301202
141301202
735547632
633377698
81714636
586242770
678773909
564094997
129651144
59119500
189148040
105154968
190080908
875820420
802835385
116883234
275007562
699010172
464277855
84639716
655615720
905592827
262333012
644942264
461355848
521433630
348936840
506805304
229134572
247722688
523324040
370330584
387734608
628547112
373227474
807514240
242782072
78803211
401262119
711530854
479703499
925149006
815214006
37656632
835231716
648802931
497103630
139340860
718322181
951001352
565084522
403202590
269170206
196925309
417714088
726989220
86611284
762478108
603586864
315790920
37656632
496156368
53319006
765305390
494231265
425553126
603586864
733662862
841827390
31744896
475902420
351879344
953691474
320705001
729812998
197907639
339264220
255534864
676861215
84639716
583387384
270120267
826746722
847544060
804764575
274026359
940599915
888817755
64986675
915914407
235943094
444851469
784611368
288664922
238889188
309039081
81714636
212613639
69926570
919696740
243775764
544627220
644942264
574680183
233968346
404175420
141301202
908458862
656575529
815214006
368362813
269170206
456456715
224273224
146181831
291605710
497103630
464277855
553424734
898194241
412877900
785549366
375188940
226195572
444851469
946831083
533044404
525290172
193974629
602596026
477813780
775949835
516526660
150030580
720280442
119845200
553424734
857824110
60104337
579478012
75853386
767233536
217430272
869200470
19903760
703820244
533044404
854978606
195959820
112940327
158833209
606428621
270120267
532087375
828637851
82696821
852216093
732690600
606428621
75853386
704802303
453546908
223301928
591083838
937913133
936032529
708636397
863543104
201841066
139340860
473943727
617948883
902833840
689376821
857824110
298392997
422589252
761503551
525290172
615997357
872084223
681688084
592079071
514571005
583387384
790339680
596799559
467176149
553424734
572745420
879471679
627570448
53319006
134502018
247722688
24834875
446704854
947775790
887044443
16933360
122808981
392557709
3996324
400287603
451585712
861618738
695221491
242782072
655615720
248690067
854103105
896333615
300373180
816184634
782719440
877691800
638209473
409048596
716355481
219387863
7990032
628547112
217430272
404175420
132549564
463288592
428464661
914040165
445748200
347005872
929742842
903814680
107113536
934140735
336325165
895376672
203812524
401262119
169653880
229134572
16933360
397419322
499050709
316783172
242782072
311959408
567889698
250659644
88571732
312935835
808411380
439104160
933166861
54288025
838053226
99288772
516526660
296494527
389610780
331524784
9986440
352815579
609287975
460374884
661441058
314843769
727907769
861618738
713432212
892509380
463288592
101228166
662413832
952769340
417714088
900054851
641105116
10984864
182318441
727907769
323660124
18914804
195959820
632418273
415775820
406100913
101228166
924284421
699948278
489367900
289641198
80731869
211656163
268186438
877691800
868249023
580466061
637237528
134502018
322664966
563124108
596799559
423576848
253565860
921472346
209715240
527239461
595819716
562141802
78803211
693271994
254553927
440038476
259444638
881326258
851240290
663389784
13971496
182318441
732690600
841827390
809391094
811308154
82696821
106128057
93417492
946831083
685532970
728850555
458418249
378070802
661441058
424561516
797117226
285714572
379048240
378070802
181334834
344091945
931316232
259444638
408059473
562141802
67937508
664336330
474923560
292602692
356732868
827730340
472963850
116883234
72901012
312935835
301338850
154893980
417714088
393508490
478782706
472963850
150030580
929742842
846631521
809391094
387734608
45501682
466193638
135480480
423576848
644942264
477813780
728850555
899172900
879471679
319712134
342145682
913088970
163774336
631427092
302304742
19903760
131607147
418663294
435227315
782719440
716355481
589168466
571767575
137383416
94398312
70922965
627570448
400287603
914040165
467176149
156855717
336325165
302304742
291605710
755764550
939703742
137383416
853193784
248690067
391574680
545611392
588190948
337311832
706744635
247722688
636266607
97327518
378070802
424561516
532087375
190080908
510673293
490334204
130634772
645913734
583387384
200862516
303285986
353798886
490334204
138376724
508733053
821938330
440038476
796163947
943361602
753845430
927942856
204795410
29769240
693271994
747137744
616984674
57205748
483555204
859703145
693271994
916817068
609287975
487470520
481670312
168658391
24834875
959991911
298392997
670074478
916817068
498074025
343129692
303285986
357696482
819969778
180357738
550493631
630463782
3996324
528223008
413865170
310027604
101228166
442909185
29769240
846631521
429445300
430415564
700890469
319712134
150996040
650764145
298392997
5993706
501975892
466193638
30758634
499050709
760549024
71907120
789393284
628547112
413865170
463288592
355756496
604503584
642065584
899172900
604503584
15955392
798968000
387734608
666300317
897248608
198889201
696106314
776918512
625608260
153896080
846631521
314843769
644942264
529206605
611170128
20895336
57205748
104182470
52334373
893453274
235943094
123766138
715373686
860658823
873980269
206775405
246732005
849438164
218421566
520453471
484515970
234951825
348936840
867286665
895376672
618885274
439104160
956764180
765305390
92436622
489367900
643998315
746149965
503896680
200862516
386775819
525290172
598749669
828637851
576616547
524297942
94398312
68931138
609287975
949343396
938787400
186197675
572745420
822886824
403202590
462298337
678773909
4995010
807514240
914040165
900981667
796163947
385797105
270120267
592938894
816184634
756742895
265258392
593905061
630463782
803776844
5993706
183301988
772035085
835231716
128662065
667158228
302304742
196925309
305221790
627570448
170614812
828637851
569820171
365503704
262333012
59119500
70922965
608361159
238889188
16933360
879471679
63018752
743257488
181334834
654624485
590127604
309039081
289641198
211656163
931316232
464277855
560192928
491301168
266239602
765305390
617948883
303285986
95383680
185270880
605443086
721242622
695221491
804764575
319712134
87605408
438151517
718322181
158833209
72901012
948451534
517523958
948451534
47463888
289641198
506805304
71907120
249677500
811308154
701872744
798968000
149062338
193974629
728850555
638209473
798070597
524297942
626592889
129651144
951888441
808411380
105154968
79776960
533975317
905592827
739402120
953691474
376163942
487470520
490334204
787487582
471991817
34711040
143282304
856893180
664336330
647867160
302304742
283731906
489367900
30758634
111977040
6992405
225235128
838053226
14962635
51348648
733662862
641105116
523324040
721242622
819039075
626592889
172570732
723180233
901926417
906560814
713432212
650764145
766295127
573710181
468144753
608361159
942543526
610211810
835231716
11981364
286698937
167687744
295540312
145217422
197907639
406100913
151968840
421612182
275007562
166715717
812264815
379048240
178404240
705777065
470041044
369355046
701872744
640150752
120835924
636266607
915914407
204795410
315790920
87605408
147145152
151968840
694242379
124745500
131607147
561171897
136462960
757729096
726013272
430415564
898194241
294556734
832519855
424561516
84639716
478782706
925149006
269170206
226195572
478782706
999795
693271994
843731274
702855885
703820244
337311832
708636397
652673133
539821463
394490450
109997892
684541569
544627220
802835385
179367280
45501682
733662862
314843769
801863113
828637851
113930945
732690600
151968840
940599915
527239461
577604648
793270314
824830875
841827390
47463888
334460717
842768849
110987968
207740644
913088970
812264815
542719053
24834875
835231716
451585712
418663294
939703742
505819722
333481298
776918512
54288025
378070802
878536782
368362813
208730390
739402120
480674533
311959408
263301524
795205592
207740644
836164674
952769340
61083702
81714636
379048240
394490450
297467894
489367900
935061756
243775764
331524784
850324857
609287975
195959820
672993531
55256264
170614812
207740644
727907769
318728602
602596026
475902420
570773458
959127293
52334373
679754639
817141918
363582380
312935835
12973623
905592827
179367280
1998682
960759020
601649975
381021084
393508490
892509380
238889188
702855885
509709654
568883355
585298802
147145152
133526488
286698937
543632384
643998315
831547972
641105116
333481298
464277855
144245855
273044055
800876000
195959820
944104566
18914804
894414475
292602692
31744896
834245700
809391094
33720928
832519855
440963296
754780953
596799559
365503704
20895336
670074478
244755490
925149006
283731906
390589841
435227315
904693101
303285986
106128057
142288487
936032529
777899386
939703742
113930945
78803211
774977920
649778189
401262119
793270314
576616547
690364971
824830875
780771345
868249023
231081488
643998315
340245589
12973623
611170128
72901012
378070802
310027604
316783172
336325165
927026528
74883525
767233536
866355065
377151208
245741946
381947611
347005872
394490450
356732868
798968000
472963850
501975892
478782706
868249023
325626882
424561516
926108199
521433630
233968346
828637851
120835924
248690067
539821463
476876541
854978606
611170128
849438164
536904632
921472346
215477880
836164674
372240572
354782379
106128057
746149965
933166861
487470520
120835924
361620262
838991680
292602692
202825504
371292933
767233536
443876731
63992110
221347611
403202590
920551690
793270314
602596026
74883525
69926570
169653880
887853190
298392997
778840305
770105523
203812524
105154968
356732868
68931138
475902420
707685948
175459392
592079071
674950172
660472711
82696821
63992110
868249023
374211516
607393216
611170128
169653880
78803211
45501682
729812998
819969778
342145682
891602614
453546908
415775820
955996107
620830299
675923043
291605710
769120942
475902420
493238248
245741946
828637851
899172900
90526709
566920047
106128057
680717055
612126072
136462960
133526488
45501682
378070802
505819722
651741085
14962635
44514495
728850555
403202590
145217422
580466061
742260275
67937508
403202590
528223008
61083702
50371221
232994754
692299620
192015632
705777065
555388976
775949835
901926417
486489137
863543104
840913820
927026528
913088970
483555204
96359315
78803211
866355065
812264815
584314745
549498455
200862516
959991911
648802931
601649975
142288487
598749669
373227474
210672317
27788124
271087018
612126072
420621091
501975892
333481298
945030763
577604648
882189712
756742895
512649108
741318102
651741085
383897127
701872744
933166861
235943094
169653880
46479851
132549564
9986440
961528002
679754639
210672317
959127293
698030868
182318441
138376724
325626882
890622129
347958262
693271994
192991006
950259270
142288487
63018752
659522540
121832128
640150752
911220110
874869960
522343150
685532970
896333615
899172900
756742895
864492204
166715717
920551690
284723825
298392997
308138508
283731906
347958262
854978606
620830299
73898176
410038284
757729096
738473884
333481298
475902420
462298337
862589856
801863113
602596026
923320141
491301168
93417492
932227233
774977920
343129692
488398869
490334204
271087018
759613134
617948883
507783990
920551690
571767575
789393284
592938894
248690067
443876731
932227233
134502018
92436622
382921485
880454687
221347611
150030580
244755490
694242379
610211810
138376724
864492204
582407708
437170286
727907769
673960202
403202590
533044404
43533688
260401780
393508490
654624485
47463888
37656632
533044404
444019
943361602
692299620
928800300
227164687
163774336
896333615
700890469
596799559
652673133
613085192
814251015
799910427
228144748
877691800
440038476
705777065
774977920
48433560
170614812
533044404
92436622
908458862
436209084
478782706
200862516
824830875
502955196
589168466
860658823
62052669
589168466
212613639
752941832
888817755
438151517
288664922
192015632
508733053
254553927
840913820
492280252
98308266
672007264
88571732
349928250
481670312
792298195
152940363
867286665
954437235
55256264
954437235
275007562
490334204
808411380
813255810
685532970
341175288
432327551
577604648
743257488
390589841
786509920
864492204
311003804
595819716
525290172
500991117
473943727
776918512
373227474
335396717
246732005
414829503
422589252
593905061
890622129
243775764
115893396
791311934
575657595
170614812
153896080
845658886
28779223
334460717
61083702
713432212
43533688
492280252
660472711
157842316
876729454
817141918
52334373
218421566
442909185
577604648
88571732
285714572
724158263
460374884
618885274
959991911
243775764
67937508
591083838
165742202
652673133
75853386
329552520
597779280
588190948
820947386
474923560
615997357
527239461
873036058
699948278
569820171
397419322
389610780
725063460
305221790
577604648
148082883
860658823
46479851
94398312
944104566
332489415
816184634
778840305
320705001
813255810
50371221
727907769
774000250
558278890
410038284
848473955
256497960
34711040
467176149
106128057
847544060
452583693
631427092
752941832
180357738
570773458
178404240
905592827
665305266
821938330
515542720
811308154
85621522
899172900
901926417
63992110
604503584
751973286
214521912
294556734
931316232
264273131
49393850
740349208
191043072
459406600
953691474
445748200
832519855
456456715
888817755
82696821
277909575
889656810
833281318
797117226
493238248
384850395
107113536
186197675
577604648
954437235
25809212
661441058
889656810
304251860
724158263
864492204
83670720
309039081
189148040
391574680
907473240
580466061
159826400
131607147
65955626
491301168
912160953
271087018
938787400
835231716
352815579
592938894
758674260
557307421
419637135
621808458
933166861
863543104
804764575
882189712
854103105
203812524
575657595
150030580
505819722
669090931
387734608
924284421
3996324
575657595
348936840
912160953
183301988
507783990
418663294
590127604
368362813
363582380
230094480
342145682
229134572
580466061
304251860
358670079
506805304
91468608
5993706
814251015
949343396
183301988
728850555
838991680
385797105
334460717
17919576
885106372
373227474
406100913
217430272
718322181
350896209
565084522
663389784
870137971
441917784
451585712
830592845
805619680
810384450
89551440
518492595
410942557
38636052
818096478
137383416
544627220
905592827
143282304
388642509
890622129
326596465
146181831
135480480
79776960
818096478
152940363
959127293
562141802
894414475
555388976
309039081
617948883
147145152
342145682
519481040
923320141
789393284
720280442
763418174
1008854
807514240
311003804
751973286
218421566
500991117
886069537
132549564
778840305
60104825
519481040
73898176
726013272
33722934
208730390
804764575
224273224
700890469
173566566
783642016
960759020
726013272
120835924
615997357
244755490
462298337
505819722
200862516
621808458
254553927
955344210
622791945
434256307
643998315
405120941
649778189
514571005
322664966
779798114
322664966
722212937
670074478
735547632
818096478
702855885
937016038
23861376
298392997
43542884
196925309
452583693
41596380
293572936
571767575
26801874
535910137
403202590
532087375
106128057
395463024
783642016
440038476
44523090
246732005
110987968
788467210
266239602
956764180
481670312
74883525
316783172
574680183
743257488
422589252
422589252
815214006
394490450
445748200
484515970
776918512
9987100
928800300
190080908
303285986
873036058
216445895
208730390
647867160
746149965
654624485
69926570
897248608
121832128
114921340
517523958
574680183
275007562
779798114
567889698
753845430
226195572
253565860
357696482
959127293
673960202
148082883
185270880
438151517
592079071
37656936
243775764
937016038
525961
432327551
274026359
247722688
645913734
819969778
889656810
761503551
843731274
955344210
62068923
958298214
448683850
578499634
569820171
720280442
388642509
506805304
842768849
612126072
757729096
230094480
944104566
461355848
377151208
505819722
268186438
338285108
542719053
509709654
309039081
880454687
311003804
917814490
158833209
326596465
143282304
80731869
116883234
16952604
414829503
520453471
11983488
857824110
126698618
917814490
944104566
852216093
457429265
822886824
834245700
585298802
424561516
813255810
72901012
798070597
689376821
680717055
506805304
261361733
218421566
812264815
514571005
865385566
135480480
672007264
223301928
277909575
750985697
679754639
294556734
535910137
228144748
646878884
424561516
694242379
933166861
403202590
577604648
425553126
596799559
442909185
36687128
48452719
626592889
452583693
218421566
346032564
160792905
722212937
939703742
719286936
901926417
488398869
615997357
68931138
530175357
208730390
347005872
310027604
883187604
7991320
214521912
485493957
25828270
636266607
207740644
955996107
410038284
782719440
417714088
376163942
595819716
794207107
423576848
250659644
616984674
8988786
929742842
147145152
731709726
904693101
236934299
36687128
766295127
849438164
106128057
325626882
430415564
791311934
2998023
686530092
171606268
217430272
199870620
196925309
224273224
406100913
190080908
631427092
559240640
940599915
377151208
182318441
769120942
797117226
772035085
755764550
805619680
735547632
899172900
904693101
44523090
167687744
939703742
182318441
389610780
422589252
505819722
816184634
584314745
847544060
533044404
752941832
95383680
101228166
321678644
659522540
505819722
509709654
319712134
435227315
823832793
64003420
615043352
624653831
858793651
756742895
750031210
67937508
861618738
681688084
347958262
903814680
846631521
662413832
117876218
607393216
111977040
955344210
453546908
64986675
839964446
355756496
190080908
308138508
455505240
509709654
956764180
331524784
388642509
653642468
762478108
241795772
716355481
747137744
235943094
942543526
534965005
13971594
44523090
427504012
695221491
391574680
703820244
909309798
81714636
192015632
550493631
534965005
183301988
373227474
599726134
395463024
97327518
158833209
699948278
551454448
666300317
64003420
251631634
81714636
716355481
41596380
663389784
802835385
160792905
894414475
779798114
693271994
907473240
195959820
490334204
4995405
585298802
222330026
291605710
35702784
752941832
210672317
907473240
929742842
581419164
539821463
699948278
676861215
66954172
769120942
598749669
731709726
832519855
845658886
184285585
915914407
261361733
843731274
123766138
420621091
143282304
899172900
483555204
425553126
126698618
961528002
771064167
81714636
563124108
90526709
116883234
345069596
300373180
56242983
648802931
250659644
930708960
378070802
298392997
30761548
518492595
266239602
133526488
721242622
141301202
316783172
40616978
741318102
533044404
164747696
190080908
44523090
95383680
671058075
470041044
564094997
40616978
270120267
643998315
602596026
699948278
130634772
938787400
26801874
529206605
955996107
617948883
832519855
370330584
909309798
236934299
257476431
207740644
369355046
4995405
689376821
54306395
46490849
460374884
922404535
552448106
18915108
961528002
645913734
689376821
469113877
579478012
729812998
107113536
592938894
701872744
804764575
722212937
46490849
830592845
620830299
38647596
819039075
483555204
408059473
133526488
88571732
33722934
341175288
457429265
38647596
400287603
849438164
427504012
229134572
805619680
4995405
247722688
804764575
21890352
308138508
644942264
936032529
408059473
750031210
564094997
137383416
586242770
655615720
183301988
786509920
305221790
221347611
636266607
156855717
959991911
768193319
245741946
30761548
479703499
70922965
411915540
248690067
916817068
208730390
475902420
127681152
555388976
721242622
927026528
576616547
56242983
940599915
885106372
463288592
726013272
480674533
934140735
681688084
163774336
151968840
498074025
806562279
712512308
504858255
955344210
709610279
643017036
578499634
110987968
492280252
647867160
522343150
737495208
933166879
99288772
241795772
94398312
652673133
333481298
398411715
599726134
388642509
713432212
516526660
220383852
469113877
22880377
531110375
520453471
528223008
680717055
45503706
364529150
762478108
887044443
696106314
502955196
562141802
644942264
946831083
80731869
321678644
503896680
816184634
630463782
937016038
429445300
94398312
624653831
759613134
830592845
252607091
518492595
575657595
765305390
736517625
413865170
159826400
637237528
927026528
685532970
347005872
348936840
76843767
479703499
267220636
143282304
351879344
197907639
785549366
334460717
277909575
478782706
206775405
465262896
478782706
178404240
887853190
571767575
799910427
50381727
433309429
80731869
568883355
34712720
217430272
674950172
447693568
376163942
341175288
748082233
88571732
55275080
124745500
506805304
533975317
390589841
17929440
880454687
586242770
803776844
245741946
232994754
652673133
450635086
65955626
158833209
959127293
329552520
727907769
796163947
379048240
531110375
248690067
316783172
565084522
464277855
17929440
382921485
208730390
358670079
158833209
637237528
752941832
624653831
513618100
316783172
41596380
532087375
569820171
959991911
705777065
811308154
571767575
387734608
632418273
6992657
544627220
629483016
336325165
642065584
795205592
82696821
201841066
72901012
399378800
135480480
873980269
416751408
854978606
456456715
144245855
387734608
120835924
892509380
38647596
633377698
582407708
422589252
192991006
179367280
759613134
893453274
362606145
701872744
653642468
21890352
708636397
567889698
20898948
71907120
237898272
815214006
153896080
777899386
260401780
551454448
285714572
507783990
338285108
170614812
953691474
480674533
556343477
109997892
405120941
929742842
112940327
13971594
386775819
305221790
534965005
516526660
571767575
891602614
246732005
594878025
288664922
946831083
190080908
309039081
396453976
767233536
495182698
549498455
912160953
124745500
470041044
230094480
630463782
803776844
400287603
953691474
654624485
325626882
441917784
87605408
289641198
554417805
443876731
43542884
228144748
347958262
559240640
169653880
271087018
175459392
761503551
557307421
499050709
323660124
234951825
889656810
118870885
727907769
471021472
63037632
223301928
310027604
293572936
223301928
143282304
61090150
212613639
795205592
385797105
21894136
254553927
42586770
575657595
65986470
428464661
800876000
413865170
357696482
342145682
52346563
531110375
131607147
609287975
56262135
453546908
213564296
942543526
907473240
311959408
787487582
2999385
533044404
469113877
637237528
124745500
945030763
67953488
676861215
147145152
452583693
699010172
401262119
834245700
643998315
805619680
292602692
814251015
590127604
16957653
185270880
642065584
547560568
316783172
620830299
938787400
138376724
830592845
293572936
78803211
172570732
452583693
424561516
73899656
914040165
431353626
198889201
894414475
498074025
871113072
72905830
319712134
937016038
812264815
525290172
615997357
649778189
187179376
460374884
609287975
203812524
643998315
620830299
120835924
330532492
270120267
93417492
467176149
472963850
385797105
882189712
12982112
833281318
678773909
429445300
780771345
137383416
958992960
707685948
2999385
867286665
151968840
323660124
212613639
956336776
217430272
824830875
642065584
403202590
315790920
621808458
605443086
950314806
271087018
724158263
315790920
877691800
815214006
150996040
722212937
571767575
64988088
106128057
775949835
742260275
533975317
923320141
251631634
530175357
35704512
254553927
768193319
187179376
912160953
7991608
179367280
162778972
206775405
192015632
564094997
520453471
810384450
196925309
844704180
452583693
291605710
532087375
701872744
135480480
680717055
453546908
76843767
115893396
558278890
224273224
855909942
462298337
180357738
479703499
361620262
215477880
730743170
157842316
741318102
676861215
507783990
915914407
836164674
711530854
482630128
430415564
260401780
663389784
958992960
476876541
143282304
286698937
34714785
842768849
761503551
715373686
667158228
836164674
201841066
254553927
89551440
430415564
84639716
610211810
902833840
444851469
195959820
667158228
600685695
930708960
713432212
477813780
881326258
580466061
218421566
395463024
380037549
816184634
428464661
375188940
664336330
570773458
29772990
698030868
783642016
790339680
782719440
480674533
27794536
12982112
103200032
459406600
442909185
187179376
96359315
719286936
962236886
291605710
415775820
599726134
256497960
156855717
447693568
510673293
106128057
33728952
275943420
484515970
222330026
700890469
229134572
881326258
641105116
258472676
612126072
454522705
76843767
764348772
305221790
104182470
776918512
407090712
899172900
591083838
928800300
26821665
339264220
927942856
659522540
122808981
899172900
909309798
278875479
719286936
792298195
724158263
751973286
96359315
236934299
1438564
168658391
803776844
883187604
806562279
90526709
865385566
632418273
508733053
661441058
929742842
946006597
469113877
710569341
880454687
429445300
43564576
906560814
136462960
348936840
598749669
258472676
620830299
878536782
873036058
369355046
73899656
628547112
149062338
512649108
234951825
492280252
678773909
67953488
407090712
854103105
500011529
303285986
855909942
35704512
955650606
192991006
15967424
799910427
899172900
896333615
599726134
317753364
210672317
733662862
33728952
178404240
18925520
653642468
430415564
890622129
49441550
502955196
888817755
539821463
41607636
154893980
59178360
90526709
564094997
465262896
940599915
91468608
137383416
831547972
469113877
471021472
54309255
484515970
300373180
328575590
752941832
269170206
12982112
954766760
29772990
47480016
168658391
391574680
699948278
932284523
654624485
120835924
470041044
575657595
658549244
510673293
99288772
87605408
936032529
662413832
552448106
912160953
123766138
58206155
149062338
591083838
528223008
202825504
444851469
196925309
867286665
227164687
464277855
880454687
559240640
493238248
302304742
97327518
253565860
372240572
63054144
901926417
491301168
532087375
509709654
520453471
412877900
942543526
606428621
382921485
8990235
528223008
668136990
132549564
585298802
814251015
92436622
482630128
389610780
536904632
676861215
628547112
132549564
510673293
878536782
689376821
373227474
211656163
784611368
623782152
582407708
846631521
558278890
442909185
749050295
437170286
332489415
532087375
414829503
931454360
907473240
423576848
832519855
608361159
892509380
448683850
793270314
15967424
300373180
211656163
889656810
3997364
836164674
53323596
514571005
748082233
113930945
257476431
330532492
894414475
875820420
281747392
146181831
466193638
722212937
267220636
896333615
424561516
795205592
683587135
729812998
736517625
135480480
593905061
714388556
59192700
411915540
537898828
417714088
708636397
117876218
340245589
83670720
327577932
732690600
933166879
103200032
843731274
224273224
772035085
144245855
130634772
82696821
289641198
930708960
175459392
891602614
236934299
597779280
720280442
914040165
357696482
825778660
81714636
942543526
570773458
482630128
728850555
478782706
894414475
467176149
594878025
266239602
887853190
914953418
369355046
855909942
393508490
243775764
109997892
194963708
386775819
581419164
276928491
43577160
546576352
450635086
933166879
151968840
417714088
58216421
98308266
771064167
881326258
522343150
119845200
483555204
30765423
845658886
952000303
923320141
684541569
919696740
564094997
604503584
869200470
926108199
830592845
635332836
202825504
312935835
826746722
923320141
887853190
474923560
343129692
805619680
917814490
650764145
950314806
368362813
707685948
84639716
510673293
620830299
605443086
961528002
132549564
4996705
218421566
462298337
928800300
897248608
414829503
526285388
872084223
656575529
824830875
106128057
320705001
399378800
417714088
518492595
355756496
337311832
18947028
696106314
172570732
312935835
376163942
500011529
48469183
454522705
919696740
895376672
102215861
558278890
894414475
575657595
564094997
144245855
65007558
864492204
415775820
818096478
761503551
659522540
843731274
617948883
763418174
535910137
43577160
209715240
80731869
739402120
544627220
441917784
804764575
85621522
750985697
551454448
921472346
171606268
31756384
875820420
98308266
134502018
466193638
23880384
707685948
399378800
167687744
143282304
635332836
917814490
334460717
426536705
610211810
207740644
413865170
403202590
741318102
797117226
610211810
192991006
566920047
525290172
3134640
741318102
944146036
125726758
321678644
900981667
296494527
353798886
811308154
394490450
825778660
647867160
757729096
564094997
416751408
297467894
76843767
78803211
247722688
410038284
842768849
854103105
949436202
287687520
628547112
97327518
455505240
268186438
290624610
391574680
161791020
634366270
160792905
482630128
757729096
480674533
416751408
425553126
202825504
598749669
815214006
57249190
275007562
938787400
954766760
688447418
270120267
66955663
137383416
854978606
815214006
352815579
741318102
799910427
637237528
399378800
894414475
462298337
34720980
558278890
848473955
537898828
220383852
38670216
47482128
348936840
857824110
802835385
770105523
90526709
431353626
950314806
148082883
702855885
926108199
480674533
760549024
570773458
546576352
269170206
456456715
731709726
618885274
567889698
562141802
626592889
957313546
827730340
115949751
371585340
416181677
338447273
278978210
3206704
376414519
325700406
353029572
264369453
499708597
151187218
695649060
923067831
480302744
840318132
28808455
439538440
691746216
160889876
35713008
266317544
428841648
831787454
368631738
417157940
429817574
299520376
69935670
762941660
156985640
528643373
162837326
571399972
861298080
780274475
911932343
609008690
476429589
296583444
242853132
808968
785984770
931316232
923067831
294619450
177600234
327655928
730248034
864977941
487084741
137540745
503544810
283837019
961757730
865936475
697522568
766795627
195124272
138485154
560671713
691746216
664897350
91557296
291683180
894177495
868797102
577160807
872514186
375466966
867822060
145297448
375466966
55298544
109103610
671587291
350142173
627341228
24875400
450242789
522804752
849902210
922138467
51419212
162837326
295598624
914761465
856502071
90566556
485112142
367661808
649555400
203895822
401662856
738931358
832751220
326673654
638901701
439538440
572332463
383176411
678351991
714878372
125826624
733141033
195124272
794599432
453134327
818404822
191247360
896004087
371585340
69935670
852672820
422032308
574258250
519939244
710096718
460905495
609008690
564576692
197088890
627341228
136555169
596404194
394849021
962581122
292646480
402629643
777421003
859401300
781219564
825160736
605136864
902509598
588721655
796463432
100296067
66986265
15975152
290694741
337475086
387074288
700385006
561641291
176621820
302419659
108131052
256600879
131671188
85692677
189273960
327655928
712040004
325700406
916647351
133626408
664897350
240916363
873491094
471566232
129739709
685985605
666817195
104205465
955765470
282871510
272174868
90566556
689858550
287714034
721552535
397781543
41620824
451217428
949608623
560671713
750416140
434702460
812808355
878192199
519939244
374491500
578100813
259511760
696555034
526691321
732222779
389960600
136555169
637009186
229276735
607055776
352082272
266317544
709136698
683181204
884818575
352082272
771593057
607055776
5998770
522804752
373517540
48480698
343310483
356928652
943384185
120879242
159927422
161851122
372547100
677376918
534508335
941565130
306319012
258532123
840318132
65030922
14979660
5058192
701370784
586771045
947810649
423012966
847968666
690783949
132636269
764866582
412391256
899759222
740848095
419135152
794599432
141368256
806126873
165794878
836553215
783177584
627341228
24879700
315995980
24879700
71924472
846111497
343310483
377379594
476429589
212738949
441468829
830829645
218580383
512203311
786940459
199998216
926802880
35719704
260497744
91557296
171720856
40653304
366668668
908049325
798392810
189273960
423970916
635086855
694682459
631226224
786940459
350142173
24879700
130733284
374491500
96439728
349183505
713937230
811833540
821303226
296583444
282871510
683181204
513149156
790807591
499708597
80798229
122866545
534508335
682199163
213723940
703297408
92536488
578100813
12985895
887636438
135588652
777421003
891371450
827084312
437597478
80835084
548107409
802262043
552893064
914761465
895060096
896004087
30795245
111075328
749425053
327655928
392898179
801296880
208807929
553886430
670622427
631226224
674468074
574258250
682199163
258532123
305331540
772554842
204862719
660090817
62152335
340394315
466680572
949773210
538427063
272174868
407492259
113013266
102257620
950639905
402629643
372547100
880996100
773533436
482249901
31765184
471566232
242853132
204862719
677376918
164820975
870609667
677376918
836553215
475470576
388012578
123840040
149219850
530613480
668671379
178580539
591656147
378318133
11987412
911932343
909983041
283837019
351116581
397781543
726406997
677376918
167772192
468604039
925809198
935061756
318915405
956218644
439538440
559746239
537435638
487084741
721552535
439538440
191247360
924906749
282871510
914761465
423970916
770619168
816566893
119889720
942576320
778300614
496786861
953504430
722525655
778300961
613874130
444425950
546160078
709136698
490934088
712040004
204862719
449280441
50459502
521822986
779283180
828929300
450242789
346244604
685985605
541363190
781219564
246784502
499708597
434702460
193178965
915817070
234093292
38689092
410407236
551934794
188302314
900815295
878192199
280898223
81795738
861298080
721552535
627341228
601226950
581928521
708164223
174653429
57284918
757204858
693713188
834622517
951770630
513149156
209790420
671587291
79837680
361775822
912984082
914863178
792675871
480302744
238951005
397781543
856502071
646662529
317934810
73922374
915817070
226348042
354961570
29843970
459948796
446375002
25883832
86676378
54391315
733141033
260497744
111075328
858414012
323758974
940784820
845155692
204862719
526691321
884857060
284805060
882066863
830829645
573270086
76895588
682199163
808007852
812808355
569431140
824176650
159927422
642829421
144312678
725451681
22942707
516063693
213723940
808007852
541363190
640868595
860363751
643810380
271218234
344297580
533522245
592594388
318915405
748442942
794599432
213723940
664897350
450242789
125826624
864994160
391919640
545186569
578100813
229276735
387074288
173680666
424934908
883072684
185369112
567478008
9997950
550050269
110088912
565515942
388012578
18974236
233103708
278031731
662968808
502594028
620575495
223412805
464736997
308234316
342340913
629309076
519973588
32788140
105193022
12988053
271218234
495834552
557779009
844401675
92536488
937620186
390935726
516086435
227315646
574258250
453134327
237008630
493877562
561641291
798714195
875737910
917156358
403596808
525780128
611944466
274123371
515118845
831112418
735323616
191247360
201958590
392898179
708402695
577160807
835828620
92536488
843450360
702665025
648639107
90566556
164820975
954766760
819695134
679534880
557779009
423012966
501656632
791086114
284805060
431771552
956630172
190264318
380257204
733418056
84709320
17980470
33803616
598337299
221499546
140424360
787240791
763208860
870086321
863374880
368631738
738197009
328643035
582907128
809150310
3692368
41676936
1847424
334517309
859867812
50524068
886511570
654406922
551026920
79875760
932795140
351116581
68996130
155027344
728756490
172707091
238951005
116940691
205859096
205859096
337475086
686320631
363751024
127801216
587759978
257573750
834378875
694969048
583894183
787369298
533522245
924833805
827730340
873491094
632184843
719220928
922963429
887853190
401662856
844313165
964788228
706788080
224377538
408472390
858721629
947873859
579177198
468604039
95462664
154051026
42672641
772310276
837679515
405559490
271218234
794457627
29916360
133626408
518037009
951938427
291683180
420128156
908353406
490998288
323791672
909397358
237008630
277045190
829129330
5632224
491937049
197115336
81845096
713557374
942723170
938954635
62296353
891319086
778124173
499837092
73931994
819466726
642141784
283886055
595877820
909050708
105319480
625004618
414465433
961381818
607480883
704352105
411552980
886184847
221499546
732288549
825778660
797887760
378441325
53512488
173680666
867089468
593024518
254690297
948268710
565797571
565797571
384287786
486339628
714025393
879615242
899872883
901815090
550450102
211778868
526428205
829035098
658162497
177600234
271241664
649464792
782879048
344353409
86757444
697895227
904000859
188341860
892615967
100426931
566193758
317084276
615595095
802447720
906274830
866991942
780274475
500143367
802447720
190272028
11410812
543895777
441738044
282976396
473902830
360092689
493337632
24973775
216662999
519644320
544888344
827572761
195148198
354195650
541001089
623481874
421455620
472980750
809347679
341491891
572473413
402207074
657008694
212937219
230555631
591904726
449993636
380820416
459641702
621034034
910298657
811964659
189492762
378879053
120037086
30960010
106443493
953131848
399442216
664965702
500689795
940704274
860658823
62430732
663972704
427667140
685369566
109364640
897366270
521151285
792216731
837739030
291153078
817396540
419041374
862094713
776847560
865939017
610849765
260875623
513541096
548594388
98664553
69307280
294245676
561446742
443591964
399730035
541982611
840347455
431861816
65404152
807410859
317682636
127025536
497226606
743654039
179928096
947573524
33963110
67385552
766342905
872296415
357999108
608622535
314940059
589186136
409719560
550192703
223005177
35960940
85941176
770440702
133972530
498824294
432454541
695857320
941011842
197731512
604219550
806010061
629810390
668864396
4850275
313340110
161642611
845700260
80243298
684743367
184119716
113562904
751552290
950314806
354645710
131214981
925053435
668572853
86120739
700828466
240055280
308637797
736941724
669758353
446908365
236255464
534909589
244097255
298001617
498872952
441212192
901815090
671430484
436436270
936561318
40004520
749925462
463055296
252273555
829427760
167795129
436701092
307330482
920745325
753585174
661486150
416441162
700856295
696268847
847220688
766928828
299724300
173927958
869026923
335136879
966425832
123846215
870567196
228086305
767646300
733326629
670541036
52965073
422975728
123886044
355112079
809316264
875140821
819228458
77694240
85572448
349491732
861144467
740205817
634953597
633042196
418479877
413571912
697187123
477656589
277762336
480674533
778404704
799084680
714388027
475108180
782498455
837796928
361848680
372700402
968144894
457658022
405504714
381834822
241758484
876140349
738481514
66098515
128370783
920683795
492158967
213459066
282670063
367690063
315356624
279901735
13838720
94936669
694601144
713536842
574037713
332591664
555445112
714143801
144644188
282443666
200174196
288476353
481777668
912425038
662671677
812473200
379969745
426678780
204423462
623305566
315637556
945960971
45654954
443794852
878275805
539579016
13917904
518029296
910298657
331360888
799186344
923878535
426103876
853668900
996121
357999108
191521728
559859566
79837680
687929983
196728928
632141652
977737090
33957636
552399995
997952049
851149704
934140735
779466480
56962437
913812630
