5000
451 722
785 781
830 830
985 950
1565 991
2498 615
2719 501
2726 591
2948 911
3249 999
3259 179
3337 278
3548 377
3563 180
3608 236
3623 331
3737 557
3750 53
3799 474
4275 269
4369 62
4749 371
4830 638
4870 565
4994 884
5056 85
5284 762
5326 363
5399 189
5597 973
5616 974
5632 262
5813 105
6197 155
6422 211
6806 95
6981 122
7105 711
7349 685
7470 32
7479 61
8056 215
8526 662
9103 790
9353 395
9542 249
9742 120
9926 303
9985 302
10401 945
10549 571
10976 363
11033 315
11537 560
11656 279
11696 198
11696 644
11976 40
12029 560
12224 184
12224 364
13633 886
13876 445
13996 468
14020 40
14063 7
14193 915
14352 161
14631 69
14795 951
14909 545
15057 482
15067 166
15088 558
15391 271
15546 912
15732 806
16077 742
16164 214
16320 459
16370 686
16468 136
16546 821
16588 1000
16851 695
16947 451
17036 550
17225 690
17375 491
17391 461
18172 225
18217 206
18392 698
18419 21
19038 26
19155 738
19358 27
19708 940
19721 250
19782 95
19937 242
19964 146
20035 576
20115 407
20125 703
20197 198
20399 670
20550 861
20855 939
21461 883
21494 319
21542 624
21645 18
22090 492
22298 976
22554 64
22589 942
22698 525
22707 105
22710 784
23192 337
23366 681
23475 342
23488 35
23729 701
23749 367
24401 124
24550 79
24739 658
24882 373
24966 174
25329 899
25338 871
25427 101
25674 306
25717 573
26105 299
26396 327
26452 785
26493 237
26631 210
26969 456
27041 213
27365 579
27402 947
27669 188
27676 995
27871 240
27950 64
28025 451
28238 376
28977 400
29098 132
29314 717
29406 786
29445 184
29459 83
29607 909
29879 263
29963 92
30421 634
30547 436
30915 990
31179 504
31193 888
31195 647
31421 428
31572 538
31665 974
31792 565
32068 127
32555 535
32579 20
32880 339
32899 465
32920 318
33212 526
33273 459
33530 557
34192 589
34432 262
34569 284
34780 340
34849 745
35483 1000
35581 126
35841 928
35884 434
35999 386
36455 190
36720 525
37076 19
37453 977
37517 515
37604 874
37930 217
38204 161
38229 654
38900 754
39348 486
39471 218
39480 880
39832 20
40179 237
40779 218
40823 485
41179 554
41352 95
41798 295
41865 462
41944 683
42002 908
42012 746
42039 375
42081 652
42254 97
42304 500
42330 580
42371 531
42481 237
42676 121
42817 55
43178 608
43705 450
43846 921
43884 481
43996 666
44575 434
44786 134
45133 419
45165 919
45212 703
45239 651
45263 939
45569 939
45625 220
45716 775
45898 844
45951 315
45975 69
45998 306
46015 997
46248 977
46563 403
46736 723
46806 980
46940 499
47006 574
47289 911
47881 381
48240 811
48608 32
48917 788
50151 418
51135 481
51189 708
51246 250
51311 498
51907 141
51937 736
52074 916
52263 412
52620 438
53101 918
53174 702
53215 729
53378 138
53873 476
54252 572
54300 452
54316 896
54550 229
54829 800
54829 224
55054 983
55129 875
55361 204
55511 482
55595 448
55828 114
55877 862
55956 258
56164 497
56204 649
56247 27
56469 329
56955 709
56993 629
57283 826
57399 201
57478 364
57611 94
57768 612
57931 153
58021 11
58246 665
58360 881
59318 500
59328 140
59682 805
59692 303
59732 388
59843 33
60003 455
60073 963
60089 16
60226 329
60685 518
60720 849
60768 776
60804 984
61467 62
61491 386
61588 480
61657 63
62648 764
62987 809
63028 771
63134 392
63219 634
63389 323
63393 755
63541 727
63718 935
63856 260
63925 90
64190 599
64370 140
64505 589
64804 91
64855 944
64919 244
65289 830
65409 329
66009 698
66092 792
66296 696
66905 378
66949 662
66985 544
67186 153
67261 645
67459 957
67533 890
67702 476
67707 19
67860 654
67926 636
68171 141
68449 397
68588 622
68593 464
68861 504
69070 700
69302 750
69399 763
69511 789
69617 700
69618 902
70087 730
70190 142
70229 198
70425 973
70621 971
70739 878
70976 22
71229 115
71388 573
71404 399
71769 128
72567 468
72631 903
72786 124
72968 424
73013 793
73031 599
73108 795
73511 798
73659 235
73716 287
73726 194
73742 856
73991 750
74037 697
74050 907
74163 851
74357 459
74410 696
74500 551
74555 713
74590 777
74823 44
75068 262
75145 101
76010 367
76240 139
76335 122
76783 833
77363 711
78209 520
78217 960
78273 178
78756 422
78852 83
79262 953
79619 566
79832 33
80333 99
80352 363
80584 267
80755 386
81751 909
82163 474
82187 487
82567 605
82679 733
82683 338
82999 416
83063 428
83522 240
84004 480
84063 556
84614 635
84681 741
84756 656
84861 1
84921 879
85811 777
85938 833
86000 589
86135 648
86232 144
86328 118
86348 421
86785 578
87090 422
87303 987
87324 611
87360 873
87386 701
87961 229
88019 258
88120 609
88155 55
88271 96
88629 566
88806 787
88895 785
89063 333
89341 566
89620 24
89713 812
89715 121
89884 11
90171 552
90359 776
90412 11
90585 430
90734 904
90942 196
91012 370
91109 551
91297 691
91518 839
91582 971
91802 269
91988 612
92099 309
92464 879
92621 484
92779 10
92926 459
93105 741
93123 618
93160 513
93458 189
93481 535
93538 299
93673 973
93674 867
94056 216
94583 349
94598 30
94637 336
94735 359
94843 581
94959 463
94987 721
95085 362
95595 366
96202 268
96219 83
96317 916
96694 959
97436 921
97601 239
97664 579
97878 533
97929 547
97997 457
98001 368
98001 556
98019 267
98026 461
98186 526
98218 780
98232 649
98556 412
98771 430
98806 621
99298 631
99500 646
99722 969
99760 660
99993 333
100031 327
100228 241
100539 796
100916 400
101064 954
101168 161
101359 667
101518 37
101716 429
102323 625
102500 957
102706 19
102919 203
103181 841
103284 565
103414 11
103554 209
103625 473
103662 278
104340 669
104360 350
104644 409
104927 317
105017 761
105099 190
105252 289
105489 391
105666 187
105679 258
105793 403
105863 520
105974 936
106191 643
106249 667
106372 335
106600 948
107304 827
107398 2
107414 984
107583 607
107644 978
107663 293
107914 625
107939 181
108019 133
108384 542
108445 543
108538 693
108866 14
108893 172
108929 713
108996 363
109038 932
109081 381
109301 475
109669 122
109674 670
109697 218
109776 660
109855 279
109857 620
110240 179
110520 214
111415 614
111666 197
112150 549
112156 561
112254 24
112419 902
112487 545
112505 982
112516 879
112517 837
112778 607
112780 411
113013 321
113304 148
113960 306
114018 14
114450 513
114493 829
114715 78
114782 227
115112 761
115177 459
115224 701
115225 234
115379 128
115643 918
115688 893
115694 758
115736 889
115809 424
115836 971
115951 502
116147 620
116830 871
117180 415
117191 995
117330 124
117395 959
117567 977
117792 355
117868 147
118168 935
118217 765
118324 467
118352 434
118470 422
118713 832
118750 946
118985 251
119073 910
119176 172
119390 11
119528 368
119546 224
120205 244
120391 847
120494 494
120648 488
120656 604
120983 382
121203 911
121659 926
122149 236
122175 531
122209 149
122546 650
122668 877
122765 272
122957 960
122990 853
123030 626
123325 106
123352 139
123442 743
123689 572
124266 572
124453 164
124717 756
125537 869
125569 414
125809 665
125821 40
125986 776
126156 384
126214 616
126525 371
126604 582
126625 109
126713 859
126830 537
127044 842
127145 121
127250 814
127300 77
127772 651
128133 962
128834 78
128960 880
128999 234
129130 37
129234 732
129235 859
129311 142
129344 871
129916 601
130150 66
130389 794
130542 117
130567 821
130627 663
130704 882
131173 837
131555 54
131572 658
131651 572
132018 669
132155 380
132267 153
132829 129
133049 238
133199 41
133486 971
133712 359
133957 854
133997 399
134193 361
134199 168
134276 477
134310 240
134979 401
135140 513
135291 324
135476 611
135647 655
135766 546
135793 564
135823 72
135990 691
135997 680
136559 892
136573 353
136749 561
136881 80
136974 759
136996 570
137086 651
137457 427
137492 950
137510 803
137720 908
138162 539
138546 195
138925 878
139126 249
139292 400
139387 276
139518 962
139729 567
140060 752
140513 553
140713 967
141181 617
141257 876
141470 930
141850 271
142296 773
142415 493
142691 694
142723 464
142742 172
142751 585
143071 168
143691 84
143748 664
143997 926
144005 6
144046 314
144345 705
144968 307
145192 468
145566 612
145636 845
145753 14
146069 489
147174 446
147360 413
147712 116
147904 407
148024 980
148096 868
148389 959
148393 946
148653 484
148690 187
148797 875
149099 106
149215 311
149936 719
150155 799
150663 126
150773 242
150929 735
150980 294
151030 326
151085 750
151107 571
151720 683
151777 415
151909 275
152174 989
152344 234
152353 886
152910 185
152983 247
152989 726
153013 630
153418 659
153505 842
153544 388
154885 638
154965 61
154989 699
154990 936
155286 896
155346 237
155375 162
155833 353
155909 899
155954 881
155954 503
156303 25
156856 122
156933 589
157022 318
157117 799
157215 338
157289 888
157443 481
157810 104
157947 515
158301 821
158440 337
158455 752
158485 6
159023 583
159134 478
159155 987
159186 241
159336 671
159506 727
159660 231
159964 731
160016 777
160454 166
160721 978
160730 13
160848 327
160902 682
160994 911
161035 207
161151 184
161217 287
161243 329
161388 124
161605 956
161651 127
161759 461
161814 196
161946 960
162103 564
162218 710
162249 780
162309 252
162420 461
162503 137
162840 834
162842 938
162857 476
162975 426
163364 960
163432 202
163609 656
163799 42
163881 330
164068 173
164341 19
164418 342
164434 500
164630 52
164745 604
164821 58
164867 235
165025 243
165748 386
165796 358
166100 198
166359 865
166360 170
167309 393
167331 824
168211 85
168723 102
168750 955
168940 336
169030 915
169266 444
169304 521
169316 852
169529 919
169561 299
169683 164
169737 472
169819 306
170319 205
170321 801
170726 479
170798 576
170849 494
171443 978
171695 627
171736 449
171753 35
171898 862
172422 691
172447 773
172520 571
172544 889
172805 989
172951 93
173140 281
173158 164
173902 529
173989 735
174044 118
174058 217
174157 649
174357 561
174408 737
174416 852
174722 831
174785 387
174786 15
174856 302
174863 693
174905 220
175121 454
175421 171
175445 795
175901 947
176386 500
176480 773
177057 396
177077 886
177137 634
177187 86
177337 658
177348 557
177495 326
177655 998
178038 1
178105 959
178316 161
178987 529
178991 693
179041 631
180184 745
180274 341
180460 543
180515 834
180551 544
180562 374
181464 220
181584 911
182224 27
182399 912
182696 482
182918 481
182956 434
183363 276
183396 427
183432 933
183468 48
183481 174
183499 819
183764 34
183815 612
184168 828
184513 942
185116 937
185869 826
185938 942
186671 895
187048 338
187088 822
187188 939
187200 968
187441 567
187600 631
187729 863
188098 752
188282 175
188371 588
188477 971
188795 85
188989 614
189186 235
189302 566
189559 446
189886 668
190246 193
190430 873
190535 601
190777 592
190936 398
191124 771
191220 977
191617 9
191892 598
192138 270
192470 298
192558 775
192751 563
192872 192
193049 113
193737 385
194283 131
194452 432
194575 303
194886 761
194942 294
195530 406
195663 287
196723 881
196809 728
196817 723
196939 847
197755 962
197782 288
197911 292
198426 982
198580 832
198676 516
198760 934
198943 776
199190 914
199409 704
199625 752
199822 274
199948 653
199950 374
199998 571
200133 428
200314 936
200324 115
200911 540
201139 672
201802 245
202190 971
202280 326
202394 357
202670 617
202736 731
203013 996
203145 849
203174 459
203254 718
203271 47
203654 772
203965 358
204359 339
204626 753
204764 541
204802 206
205214 38
205440 316
205496 119
205499 741
205868 420
205969 745
206036 394
206145 793
206211 315
206220 173
206377 80
206783 429
206932 712
206968 752
207130 25
207793 34
207965 429
208723 734
208759 2
209297 160
209392 81
209602 203
209808 618
210237 798
210472 249
210484 741
210521 155
210538 939
210648 494
210649 696
211017 145
211331 531
211558 363
211932 615
211976 624
212028 782
212040 359
212223 369
212250 926
212274 26
212384 541
212943 6
212975 806
212989 604
213148 109
213157 183
213255 989
213277 537
213596 268
214176 343
214298 48
214317 348
214579 545
214686 17
214805 145
214825 145
215009 758
215475 652
215745 84
216256 603
217094 699
217101 580
217142 133
217291 61
217370 194
217486 108
217788 195
217885 905
218157 828
218646 120
218816 282
218999 720
219241 477
219490 87
219538 675
220012 937
220174 269
220344 664
220470 474
220556 536
220628 358
221150 521
221584 235
221692 254
221771 538
222386 380
222402 398
222527 647
222578 383
222865 833
223394 249
223630 81
223689 412
224251 733
224304 493
224539 958
224664 841
225039 39
225213 862
225902 668
226067 511
226313 143
226345 740
226606 987
226744 581
226777 414
227025 276
227152 202
227190 429
227416 749
228418 89
228538 786
228565 621
229125 324
229153 39
229195 510
229328 55
229349 789
229666 508
229762 437
229856 621
229902 756
229983 869
230094 33
230173 489
230400 361
230423 990
230475 329
231357 752
231420 203
232105 348
232288 262
232382 697
232677 87
232893 600
232894 277
233548 853
233787 875
233788 830
233957 281
233962 975
234063 919
234299 67
234348 948
235042 242
235252 457
235526 809
235810 296
235845 245
235980 317
236003 84
236223 218
236637 72
236970 952
237221 250
237279 560
237475 664
237989 591
238146 240
238160 415
238219 145
238449 940
238642 676
238651 841
238659 378
238825 276
239072 469
239468 230
239558 150
239885 299
240305 511
240333 477
240404 569
240426 929
241461 424
242399 810
243126 385
243604 232
243631 457
243643 982
243760 548
243856 540
243909 199
244093 620
244098 491
244281 800
244442 531
244537 154
244580 742
244770 123
244955 569
245303 886
245456 62
245490 596
245740 78
246470 791
246523 223
246966 898
247037 21
247674 725
247754 548
248690 883
248770 201
249252 116
249300 163
249359 624
249418 277
249695 547
249884 855
250080 85
250284 880
250338 755
250495 624
250707 78
250724 726
250724 466
250956 229
251056 608
251125 972
251135 970
251351 730
251388 892
251613 207
252105 143
252266 487
252414 636
252455 934
252497 710
252609 886
252684 306
252769 434
252806 785
252832 540
253237 634
253577 901
254330 702
254356 609
254418 529
255065 600
255291 815
255382 614
256000 480
256249 569
256274 589
256337 909
256484 646
256627 55
256767 138
256969 254
257038 26
257160 459
257380 983
257538 917
257599 18
257824 126
257847 403
258318 5
258382 411
258576 464
258979 890
259073 716
259133 249
259244 675
259439 255
259503 882
259677 927
259694 308
259701 842
259701 807
259900 907
260096 657
260150 420
260166 738
260259 225
260380 9
260414 647
260497 223
260634 415
260854 136
260919 476
261360 440
261710 946
261941 458
261953 356
262113 963
262224 935
262231 110
262414 968
262671 345
262795 926
262877 209
262951 412
262963 174
263161 235
263411 18
263710 408
263919 513
264750 325
264782 249
265029 320
265488 584
265559 257
266222 91
266475 321
267074 834
267086 451
267447 967
267511 56
267868 865
267935 102
268300 531
268392 304
268625 400
269555 340
269645 11
269674 362
269737 627
270118 473
270148 681
270228 323
271005 750
271016 890
271033 735
271792 923
271977 476
272027 104
272563 682
272581 989
272592 429
272612 931
272719 660
273788 12
273811 187
273905 750
273927 332
273961 20
274569 201
274876 651
274936 427
275155 417
275188 104
275449 957
275588 721
275601 503
275639 297
275788 83
275932 217
275998 275
276243 907
276293 897
276484 597
276927 656
277004 138
277198 331
277200 579
277284 614
277679 435
278065 260
278333 954
278493 215
278849 542
279202 613
279442 578
279742 81
279884 714
280233 261
280252 452
280309 266
280404 911
280626 879
280651 683
281370 15
281513 187
281600 755
281669 869
281910 835
282073 837
282552 85
282699 109
283034 96
283054 982
283089 706
283112 751
283356 471
283699 388
283745 681
284089 436
284096 822
284104 293
284727 389
285040 388
285166 186
285297 353
285346 965
285598 266
285618 419
285686 578
285706 70
286153 684
286511 488
287236 300
287394 366
287560 854
287574 486
287698 120
287937 75
288141 321
288358 309
288458 159
289366 429
289544 404
289588 492
289873 486
290167 154
290198 963
290199 874
290226 835
290336 398
290551 47
290563 479
290781 139
290793 435
291036 664
291295 491
291383 751
291397 930
291440 909
291526 328
291567 351
291633 945
291653 168
291916 650
292131 310
292167 21
292268 135
292799 430
292940 447
292956 807
293191 738
293207 606
293330 588
293614 141
293703 97
293803 73
294068 646
294180 411
294209 946
294244 480
294416 161
294473 345
294490 310
294658 299
294739 779
295635 974
295767 141
295787 881
295830 255
296119 402
296572 561
296573 605
296582 346
297134 728
297377 254
297639 655
297673 100
297911 388
297965 436
297996 547
298160 195
298197 525
298537 504
298547 134
298709 665
299020 600
299211 206
299238 311
299350 363
299803 504
299971 142
300369 523
300413 848
300513 452
301701 821
302216 978
302353 777
302443 961
302483 210
302550 31
302729 714
303313 770
303346 635
303557 59
303737 497
304006 888
304073 714
304182 949
304324 627
304506 501
305119 495
305337 173
306046 26
306174 998
306322 306
306963 690
307411 949
308421 512
309019 352
309110 311
309149 367
309270 846
309512 185
309697 566
310637 649
310677 5
311099 543
311276 425
311749 318
311760 104
311786 455
312213 31
312343 874
312402 441
312616 442
313033 722
313098 328
313307 155
313328 670
313798 306
313871 7
314181 516
314236 479
314268 32
314372 513
314560 784
314605 74
314676 814
314794 647
314928 425
314964 476
315084 365
315145 622
315176 661
315490 930
315510 622
315588 17
315600 824
315748 398
315874 686
316823 928
316839 204
316971 717
318102 801
318133 644
318229 158
318233 874
318275 323
318322 664
318438 544
318783 629
318934 22
319142 59
319517 107
320038 54
320096 924
320106 242
320315 127
320366 737
320378 889
320463 903
320545 212
320706 253
320792 877
320876 224
321348 535
321351 498
322079 241
322269 358
322467 896
322511 926
322687 637
322832 451
322849 994
322852 789
323647 95
324143 503
324380 663
324511 769
324618 518
325128 206
325584 397
325755 540
325909 616
326202 855
326297 593
326303 539
326568 97
326596 71
326802 627
326845 985
327277 973
327352 191
327550 589
327860 849
328121 414
328253 475
328384 699
329084 6
329208 833
329266 946
329439 932
329446 821
329889 396
329960 277
330013 610
330445 842
330893 780
330924 272
331005 611
331075 649
331133 829
331519 7
331604 188
331847 796
331994 862
332054 132
332158 687
332291 310
332645 202
332755 313
332881 646
333251 175
333447 855
333640 586
333679 375
333769 269
333833 61
333970 73
334435 626
334656 245
335380 18
335647 909
335704 65
335967 766
336120 186
336132 674
336500 607
336937 317
337311 297
337867 217
337971 965
338139 477
338206 576
338465 505
338491 273
338784 789
339073 636
339317 311
339824 98
339976 190
339998 623
340068 743
340384 716
340798 830
341063 328
341074 90
341127 450
341232 740
341741 163
341781 75
342288 984
342471 532
342562 984
342567 49
342577 297
343043 521
343119 74
343319 256
343572 837
343723 723
343812 824
344116 153
344612 199
344806 751
344914 657
344960 823
345024 539
345042 645
345134 133
345199 988
345203 834
345235 108
345711 82
345744 549
346025 937
346089 762
346192 990
346228 386
346236 501
346298 504
346372 812
346536 485
346557 36
347148 147
347196 885
347253 684
347341 667
347372 310
347713 291
347959 503
347990 32
348112 115
348192 8
348575 231
348586 865
348596 16
349435 53
349651 756
349683 660
349735 538
349828 743
350051 845
350130 645
350356 177
350635 745
350728 933
351145 938
351699 735
352067 670
352849 790
352909 590
352924 481
353282 626
353470 977
353590 628
353782 862
353853 13
354153 294
354258 172
354721 303
355065 149
355113 203
355272 417
355485 156
355577 433
355641 282
356112 171
356151 838
356453 389
356612 183
356648 727
356828 483
356897 379
356934 723
357006 659
357034 124
357814 655
357907 948
358042 210
358395 324
358408 90
358494 151
358594 156
358684 715
359195 128
359312 135
360049 577
360190 140
360230 781
360919 748
360925 442
361073 929
361151 302
361170 859
361699 436
361720 87
361766 492
361824 958
362189 276
362230 232
362299 492
362705 2
362799 714
363032 871
363109 724
363194 725
363930 346
364090 730
364099 672
364551 555
364904 405
365078 113
365274 705
365314 560
366183 828
366354 184
366567 47
366967 756
367103 323
367373 827
367441 855
367780 117
368054 755
368236 156
368629 975
369124 542
369534 594
369723 818
369865 851
370265 869
370290 49
371007 343
371302 870
371431 114
371586 213
371721 945
372009 838
372101 558
372908 26
373393 862
373715 464
374245 430
374463 974
374505 520
374563 342
374593 801
374642 56
375050 388
375093 908
375237 378
375264 214
375351 762
375647 494
375675 320
375780 270
376363 820
377234 213
377747 863
377755 989
378073 63
378356 84
378377 389
378506 405
378530 305
379051 503
379227 969
379266 250
379282 340
379566 878
379582 627
379645 201
379970 693
380015 57
380076 175
380495 213
380695 750
380802 327
380873 620
381000 489
381027 587
381068 997
381167 54
381194 700
381264 843
381485 373
381573 321
381965 14
382744 937
383209 184
383584 3
383831 999
383892 619
384018 391
384051 404
384489 923
384535 245
384539 724
384595 524
384720 585
384730 602
384747 151
385187 137
385227 294
385277 559
385278 663
386315 858
386639 660
386824 342
387336 477
387408 148
387765 280
387834 826
387881 201
387892 979
387897 20
387915 925
388190 300
388335 33
388401 861
388467 835
388650 35
388796 859
389327 453
389447 778
389572 614
389635 375
389741 22
389938 690
389957 251
390052 958
390063 291
390080 401
390098 447
390210 936
390337 311
390338 109
390649 146
390733 970
390807 802
390870 974
391559 117
391750 81
391873 799
391896 669
392140 412
392463 818
392948 593
393296 711
393360 851
393520 805
394076 897
394118 237
394301 663
394642 349
394809 14
394934 629
394993 75
395021 388
395219 318
395675 325
395705 345
395830 960
395909 77
396074 791
396088 895
396141 387
396238 252
396435 392
396435 356
396578 405
396651 366
396913 824
397039 486
397749 516
397840 492
398015 897
398172 334
398328 436
398562 959
398593 536
398784 240
399630 855
399630 124
399750 255
399946 555
400159 490
400167 883
400420 629
400824 877
400855 552
400977 954
401380 221
401657 863
401954 382
402069 364
402143 109
403243 769
403768 967
403808 501
403931 124
403948 371
404264 866
404560 300
404603 208
404685 381
405267 791
405579 456
405607 66
405617 227
405659 414
405709 953
406169 818
406313 620
406373 77
407078 72
407131 174
407229 918
407314 306
407316 803
407356 794
407383 209
407596 108
407622 366
408049 71
408169 489
408544 729
408630 180
408740 609
408781 695
409004 680
409386 85
409447 66
409906 897
409916 384
410303 625
411223 629
411326 174
411480 81
411697 47
411735 752
411969 846
412026 351
412134 922
412322 466
412858 427
413201 993
413329 639
413544 696
413569 299
413596 793
413618 489
413622 507
414142 252
414187 855
414294 930
414498 93
414656 583
414675 109
414691 701
414791 630
415013 140
415219 137
415438 47
415533 388
415895 520
415905 671
416447 16
416522 46
416698 751
416765 414
416933 149
417057 597
417395 765
417572 70
417652 414
417784 543
418137 63
418150 52
418478 239
418610 713
418616 197
418797 727
419474 571
420101 800
420283 933
420438 500
420546 892
420583 868
420687 960
420745 945
420960 497
421004 99
421211 81
421414 895
421479 838
422093 601
422188 565
422339 206
422722 998
422879 668
423261 619
423643 146
423716 616
423751 383
423948 216
424115 29
424361 278
424630 630
425312 432
425335 516
425724 342
425771 980
425787 594
425956 912
426032 780
426178 527
426195 764
426267 671
426431 394
426750 723
426941 967
427161 242
427438 174
427485 48
427606 136
427816 11
427898 1000
427993 700
428016 216
428270 997
428361 719
428363 187
429315 142
429406 334
429546 921
429562 357
429799 714
429835 198
430042 986
430204 146
430248 65
430275 679
430311 125
430349 659
430472 943
430529 904
430952 537
431632 706
432256 927
432278 930
432642 780
432664 893
433259 171
433436 953
433580 292
433820 306
433849 316
434309 291
434371 357
434704 883
434859 639
434881 76
434912 421
435207 781
435738 761
435830 342
435955 489
436073 475
436297 891
436883 827
437016 620
437023 956
437198 505
437247 96
437265 966
437374 799
437601 352
437702 502
437740 504
437896 278
437908 783
437959 636
437983 522
438258 953
438503 588
438677 814
439167 610
439634 255
439781 456
439936 966
440030 138
440071 95
440349 393
440385 910
440483 227
440794 154
440828 251
441227 715
441273 628
441573 142
441880 893
442021 599
442143 449
442270 750
442276 694
442570 414
442728 548
442833 45
442892 267
442982 404
443192 674
443585 49
443753 39
443824 548
444019 1
444394 978
444645 713
444910 962
445205 233
445359 168
445876 927
445981 722
446079 614
446615 672
446741 631
446825 840
446894 825
446945 234
447143 907
447183 452
447297 727
447309 799
447482 50
447678 175
448342 548
448402 95
448707 940
449329 448
449425 492
449848 206
449889 851
449990 517
450122 606
450290 889
450742 64
450762 606
450853 218
451038 776
451204 919
451280 450
451648 296
451689 197
451809 523
451966 261
452089 868
452099 506
452116 101
452292 692
452313 91
453121 359
453233 495
453247 817
453536 157
453568 896
453650 991
453765 57
453975 991
454008 282
454518 504
454670 834
454843 839
455414 706
455455 350
455559 444
456219 594
456496 766
456512 401
456670 811
456888 893
456928 319
456963 613
457180 540
457305 515
457351 487
457470 801
457993 383
458125 344
458399 253
458419 426
458651 434
458797 611
459989 921
460033 250
460083 119
460132 816
460186 592
460239 175
460246 158
460251 873
460323 30
460435 343
460612 63
460909 735
461171 45
461293 506
461396 680
461555 162
461946 906
462664 843
462723 54
462772 224
462986 455
463011 594
463074 91
463417 293
464420 746
464601 473
464967 637
465066 998
465124 250
465267 70
465718 608
465882 170
465922 672
466384 78
466403 338
466486 615
466860 605
466905 847
467102 488
467155 634
467460 542
467463 902
468516 721
468830 586
469210 408
469577 400
469722 747
469855 313
469900 594
470072 152
470104 889
470301 48
470529 97
470954 979
471160 341
471269 842
471957 803
472115 329
472278 839
472349 52
472951 750
473010 798
473020 574
473032 421
473212 876
473337 263
473390 36
473546 480
473578 109
473673 875
474504 465
474726 650
475056 776
475132 185
475166 587
475481 183
475553 937
475884 685
475924 848
476295 530
476383 837
476455 88
476662 930
476688 933
477447 66
477874 622
477945 775
477994 220
478330 302
478581 965
478621 271
478690 51
478960 763
479134 196
479161 472
479853 990
480156 458
480514 859
480593 469
480618 919
480645 85
480948 285
480994 920
481113 860
481123 822
481312 507
481363 395
481376 110
481445 191
481467 594
481588 991
481600 27
481838 681
481952 920
482329 312
482581 746
482653 893
483221 86
483288 317
483742 194
484199 402
484377 939
484380 597
484529 164
484667 135
484772 68
485180 505
486027 944
486139 278
486164 973
486188 862
486486 362
486814 610
486856 782
486886 573
487442 431
487642 640
487669 967
487805 892
487935 830
488533 912
488544 882
488826 209
489145 592
489540 154
489975 520
490212 689
491001 398
491096 957
491132 5
491229 592
491314 358
491318 944
491360 188
491402 522
491522 430
491550 607
491654 378
491810 373
492135 236
492219 351
492282 235
492314 597
492568 312
492868 368
492972 521
492996 94
493342 7
493910 840
494182 985
494399 188
494458 751
494686 866
494921 396
495189 343
495247 19
495559 915
495635 383
495648 417
495680 223
495854 740
496176 360
496219 581
496655 683
496718 899
496753 454
497115 464
497266 857
497902 831
498301 836
498780 92
498870 533
499069 422
499313 40
499341 844
499350 141
499846 560
499888 937
500023 147
500389 399
500398 921
500538 335
500719 150
500813 139
500848 82
500901 844
501748 157
501817 997
502002 578
502068 925
502188 571
502249 317
502443 636
502672 151
502918 351
503100 534
503174 956
503237 814
503711 742
504406 787
504427 2
504500 833
504686 319
504835 775
505109 224
505441 515
505538 916
505873 136
505944 803
505978 62
506084 534
506117 76
506448 748
506518 35
506581 214
506605 830
506801 230
507062 722
507451 178
507902 808
508097 999
508304 748
508397 124
508604 634
508707 251
508759 475
508935 520
508980 206
509122 640
509488 261
509583 992
509869 641
510039 446
510079 663
510297 416
510555 669
510815 529
510897 331
510970 804
510996 331
512004 744
512332 690
512420 758
512429 844
512499 724
512851 971
512888 25
513016 306
513070 45
513106 202
513556 465
513608 43
513694 301
514119 588
514577 28
514980 551
515259 414
515823 547
515991 109
516080 406
516522 808
516693 452
516728 46
517130 253
517172 114
517324 813
517383 273
517541 994
517738 495
518010 77
518034 325
518241 591
518327 766
518409 434
519004 434
519127 841
519128 405
519148 458
519204 498
519383 801
519489 11
519567 962
519597 195
519608 311
519640 902
520427 222
520881 214
521130 667
521286 769
521329 674
521410 72
521946 928
522393 125
522682 118
522741 532
522920 591
523234 282
523335 804
523427 584
523447 777
523465 232
523936 260
524085 367
524204 997
524252 694
524558 152
524843 190
525072 450
525158 609
525187 39
525289 250
525697 971
525961 1
526022 444
526403 281
526630 254
526708 665
526949 846
527085 920
527865 785
528572 871
529429 992
529527 64
529650 996
529994 461
530722 595
530827 586
531009 742
531395 399
531542 521
531631 870
531641 630
531667 781
531713 236
532004 979
532134 474
532603 387
532812 520
532935 275
533326 347
533466 558
533567 524
533644 317
534092 910
534376 319
534586 950
534838 163
534855 335
534871 147
535190 83
535417 120
535418 18
535508 426
535692 535
535898 13
535993 886
536278 130
536467 950
536501 979
536696 880
536952 470
537027 849
537267 861
537410 602
537714 436
537754 839
537845 75
538008 823
538133 710
538474 701
538484 521
538607 268
538921 224
539636 838
539828 529
540106 894
540115 139
540438 692
540656 229
540865 285
540947 774
541122 700
541224 302
541453 551
541579 234
541757 666
541766 436
541918 715
541925 967
541998 414
542082 594
542095 437
542525 614
542592 455
542710 38
542916 50
542938 645
543387 465
543428 224
544218 355
544324 165
544551 744
545081 974
545631 741
545818 933
546267 502
546464 634
546839 71
546890 545
547476 214
547583 356
547635 318
548154 913
548841 9
548901 220
549119 499
549630 27
550173 655
550248 213
550445 993
550564 421
550662 807
550971 429
551092 386
551190 613
551207 819
551437 435
551647 257
552403 635
552407 10
552436 963
552812 151
553425 754
553481 936
553853 243
553882 38
554139 790
554144 877
554677 109
555126 334
555255 442
555346 816
555616 4
555688 707
555767 176
555842 223
555858 205
556399 202
556599 230
556725 417
557010 195
557874 650
557905 575
558049 975
558090 387
558187 187
558621 793
558770 822
559628 796
559714 779
559723 831
560055 758
560183 930
560294 936
560698 46
560787 172
560787 974
560803 187
561619 400
561717 434
562137 520
562348 842
562812 601
563195 875
563324 548
563469 776
564231 98
564343 104
564425 330
564511 679
564643 520
564788 524
564865 328
565761 447
565881 850
566340 66
566492 633
566504 643
566750 887
566839 780
567105 773
567118 70
567485 890
568117 702
568170 357
568451 935
569408 874
569617 682
569630 121
569678 625
569961 115
570071 992
570249 466
570253 67
570397 867
570687 365
570801 195
570926 316
571052 468
571178 524
571205 994
571370 340
571400 399
571531 673
571544 786
571859 248
572018 738
572222 770
572223 242
572411 977
572886 550
573084 15
573117 46
573141 439
573188 716
573321 402
573364 725
573385 941
573390 84
573444 197
574165 566
574165 550
574165 188
574286 383
574304 617
574332 406
574532 100
574882 163
574998 721
575100 567
575149 686
575236 66
575336 258
575394 84
575725 738
575794 43
575845 683
576185 828
576450 165
576585 925
576740 804
576854 714
577194 939
577588 201
577672 504
577824 6
578266 602
578769 228
579019 299
579128 37
579542 776
579556 216
579785 939
579890 963
579924 598
580021 555
580763 721
580971 697
581072 69
581110 793
581130 616
581251 754
581337 859
581337 873
581440 189
582199 948
582267 268
582594 871
582727 127
582765 432
582923 147
583513 930
583570 497
583595 437
583717 130
584211 1000
584248 795
584298 84
584357 579
584543 93
584825 120
585113 354
585286 308
585715 58
585990 668
586111 257
586261 964
586364 388
586385 306
587552 32
587611 533
588041 273
588069 137
588128 743
588401 145
588766 325
588786 42
588817 764
589115 548
589272 169
589572 195
589608 46
589944 98
589946 691
590020 483
590641 580
590826 42
591747 277
591815 663
591856 620
592119 721
592163 134
592284 973
592397 28
592446 544
592569 993
592871 636
592945 859
593176 380
593288 941
593447 243
594096 264
594199 213
594408 379
594518 6
594643 710
594655 56
594671 48
594817 473
595065 955
595570 568
595623 20
595677 1000
595847 665
596113 710
596232 482
596235 596
596500 752
597217 110
597810 610
597872 723
597956 830
597999 744
599023 48
599088 857
599163 639
599164 40
600043 845
600110 497
600163 419
600625 137
600823 91
600875 35
600875 350
601650 470
601915 40
601982 411
602113 877
602179 439
602340 235
602486 831
602669 6
602948 254
603036 830
603041 23
603808 316
604470 664
604919 970
604929 419
605128 773
605260 580
605290 141
605539 603
605627 675
606069 188
606415 811
606543 313
606707 227
606900 655
607259 161
607264 998
607326 792
607371 252
607457 32
607769 493
607976 73
608182 423
608218 255
608357 949
608448 214
608493 489
608769 131
609062 571
609235 743
609631 960
609899 593
610304 58
610362 975
610902 915
610960 476
611353 748
611361 494
611403 968
611876 702
611935 168
612004 156
612488 512
612589 832
613160 734
613215 519
613593 992
614542 731
614556 662
614664 595
614989 114
615866 506
615910 667
615943 537
616033 760
616326 967
617241 102
617321 248
617944 97
618422 672
618587 342
618846 409
618883 617
619284 399
619798 735
620027 531
620063 226
620396 482
620402 24
620664 546
620810 535
620842 543
621476 701
621538 47
621832 374
621849 786
622003 917
622128 717
622158 517
622368 578
622586 664
622772 982
622860 83
623392 330
623591 518
623653 842
623892 649
624306 971
624559 441
624764 97
624899 643
624987 783
625036 857
625278 259
625904 533
626088 592
626222 789
626732 759
626971 425
627402 164
628050 656
628169 960
628222 706
628390 356
628551 358
628554 79
628970 493
629096 274
629426 147
629723 361
629916 203
630028 810
630100 343
630157 285
630594 492
630913 212
631151 478
631176 492
631208 183
631330 918
631568 588
631722 825
632045 52
632142 445
633231 83
633443 585
633798 36
633851 223
634022 695
634125 460
635101 386
635303 350
635422 771
635701 91
635712 57
635766 128
635880 521
635953 549
636034 401
636285 19
636329 910
636401 603
636552 829
636936 252
637463 239
637606 672
637792 463
637889 68
637953 163
638140 997
638142 338
638313 750
638390 821
638484 389
638743 546
638871 255
639271 325
639332 581
639518 477
639837 19
639980 393
640105 214
640138 368
640235 163
640347 656
640688 776
640917 643
640930 528
640960 325
641913 43
642045 547
642135 586
642229 998
642295 727
642354 837
642534 588
642555 398
642589 651
643377 8
643469 560
643755 648
644233 345
644368 661
644594 820
644661 85
644704 207
644997 75
645147 410
645304 139
645348 903
645467 428
645508 883
645746 469
646134 148
646729 398
647471 124
647797 923
647907 40
647966 652
648223 599
648369 434
648703 198
648792 184
649345 783
649616 924
649929 372
650167 723
650200 673
650824 23
650918 730
651156 584
651416 22
651721 74
651904 244
652162 841
652192 158
652226 802
652315 267
652928 567
653177 293
653702 522
654087 347
654209 175
654260 990
654352 494
654436 572
654812 113
655040 416
655062 963
655123 116
655371 15
656054 397
656131 313
656286 550
656473 531
656513 588
656566 922
656729 253
657432 612
658064 296
658219 982
658222 195
658358 317
658883 407
659080 791
659584 509
659975 565
659987 944
660109 128
660277 483
660322 236
660520 649
660617 829
660705 411
660841 990
661226 674
661230 334
661365 454
661803 90
661845 297
661911 570
661956 456
662030 45
662411 234
662689 357
662975 575
663360 174
663587 278
663960 180
664058 785
664900 573
664915 513
665024 332
665204 241
665403 920
665479 122
665612 750
665766 484
665775 65
666076 229
666106 318
666582 301
666635 229
666753 147
666818 63
666871 218
667080 820
667416 396
667419 23
667490 261
667617 44
667674 592
668007 68
668131 440
668188 826
668346 425
668625 367
668646 351
668665 54
668937 546
669214 135
669247 627
669328 58
669410 466
669593 219
669772 977
669779 939
669810 320
670615 812
670853 4
671675 548
671901 482
671997 656
672171 128
672199 980
672229 70
672242 697
672469 151
673111 465
673121 720
673227 412
673466 861
673585 663
673597 831
674033 300
674080 840
674358 607
675127 18
675360 190
675621 661
675627 563
675636 325
675647 639
676039 973
676504 142
676680 857
676718 301
676752 81
676846 177
676905 465
676923 436
677011 76
677356 946
677577 443
677741 204
677768 925
678284 512
678351 900
678468 75
678475 328
679030 971
679220 838
679341 540
679468 634
679686 669
680080 192
680719 473
680794 627
681056 209
681134 663
681289 639
681583 124
681604 339
681642 277
682047 96
682176 480
682621 486
682996 396
683239 912
683409 14
683581 860
683667 699
683952 441
684082 805
684196 141
684200 996
684883 729
685010 4
685461 896
685741 156
685979 332
685986 218
686170 993
686408 223
686672 851
687354 661
687396 414
687445 324
687731 640
687821 623
687931 986
688184 278
688204 746
688304 324
688769 907
689002 841
689106 155
689501 744
689884 588
690725 67
690743 109
690902 800
691011 765
691255 549
691460 956
691521 258
691702 545
691877 37
692212 261
692392 792
692680 192
692789 944
692790 9
692834 184
692855 167
693161 212
693375 197
693902 580
694592 535
694830 836
694957 202
695174 872
695392 465
695396 299
695434 547
695438 723
696124 139
696163 701
696229 466
696372 79
696385 119
696493 574
696752 230
697148 884
697264 475
697291 185
697324 493
697345 371
697490 221
697670 753
697708 162
697924 764
698973 697
699001 522
699420 948
700249 863
700422 733
700459 496
700488 442
700563 267
700739 683
701082 996
701099 490
701279 147
701855 294
702061 36
702258 870
702364 785
702423 737
702729 687
702921 863
703051 207
703134 261
703326 92
703376 442
703896 87
703912 628
704035 934
704061 457
704143 201
704552 687
704804 618
704895 964
705098 735
705380 491
705592 911
705639 597
705639 224
705645 406
705747 390
705816 842
705843 440
705986 385
706480 684
706737 587
706911 31
707376 719
707381 808
708401 815
708853 807
708871 494
709259 29
709729 14
710414 106
710468 472
710594 455
710713 192
710903 99
711196 741
711262 1000
711620 299
711981 427
712010 617
712190 263
712272 161
712352 460
712481 525
712641 109
712730 35
712739 283
712781 498
712952 228
713409 722
713504 235
713899 911
713920 660
714215 265
714348 630
714603 467
714996 79
715148 788
715158 313
715502 107
715671 801
715719 418
715792 930
716149 608
716366 962
716475 28
716537 348
716562 961
716992 679
717213 126
717366 930
717931 941
718036 286
718091 741
718147 817
718185 746
718218 775
718888 99
718915 243
719282 2
719327 173
719340 829
719584 913
719601 832
719648 93
720017 894
720277 651
720384 523
720433 681
720433 963
720965 981
720984 482
721205 732
721385 910
721800 441
722102 45
722258 938
722349 140
722546 358
722753 616
722757 265
722905 639
723152 908
723196 902
723331 379
723477 76
723584 647
723729 153
723903 527
724347 241
724433 506
724582 699
724685 70
725012 418
725307 882
725375 514
725477 311
725658 884
726102 37
726115 992
726128 198
726174 17
726218 825
726289 930
726304 927
726378 617
726502 326
726570 216
726594 756
726957 35
727013 183
727062 20
727192 673
727210 442
727533 921
728046 51
728646 517
728653 919
728682 555
728703 43
728958 159
728963 61
729108 93
729197 580
729279 478
729488 975
729563 94
729628 141
729867 858
729923 482
730195 484
730216 56
730441 498
730711 308
731115 337
731234 776
731416 276
731695 14
731812 991
732006 31
732252 49
732498 173
732507 402
732816 721
732931 966
733373 674
733457 124
733630 483
733687 592
733703 678
734075 525
734266 102
734947 90
734989 970
735045 682
735469 568
735684 944
735765 127
735838 60
735856 153
735976 608
736170 543
736246 208
736384 457
736421 202
736586 896
736617 233
736840 477
736884 910
736970 575
737256 507
737333 310
737540 100
737565 260
738088 382
738208 65
738376 933
738829 505
738845 547
739166 524
739181 535
739291 424
739456 977
739771 624
739940 393
739964 10
740014 543
740029 688
740161 136
740213 602
740412 840
741156 95
741222 496
741379 400
741497 552
742217 697
742375 647
742743 136
742789 525
742884 908
743028 710
743052 383
743300 217
743367 809
743448 642
743693 599
743984 874
744244 574
744312 455
744334 772
744339 449
744340 341
744918 547
745094 426
745400 965
745421 939
745460 435
745695 859
745775 626
746647 923
746831 461
746875 818
746907 17
747038 308
747519 217
747710 920
747873 5
748428 863
748614 55
748795 529
748888 771
749133 117
749165 264
749230 339
749710 925
750170 905
750342 289
750445 150
750467 479
750514 744
750551 274
751067 927
751284 436
751337 820
751424 704
751503 752
751537 759
751595 139
751931 611
752103 736
752394 61
752528 423
752590 553
752615 429
752640 730
752792 121
753316 349
753377 86
753415 336
753468 755
753647 967
753784 106
753957 871
754035 230
754345 796
754444 148
754612 134
754782 85
754990 297
755019 964
755030 180
755171 922
755391 243
755491 615
755576 742
755747 946
756097 367
756862 852
757092 84
757199 977
757497 587
757934 496
758168 751
758293 492
758431 925
758446 480
758537 612
758588 273
758739 918
758853 947
759148 379
759174 884
759234 404
759657 250
759862 113
759871 200
759909 397
760113 598
760226 284
760311 45
760500 562
760588 463
760688 967
760834 156
760866 429
761276 60
761283 101
761368 795
761395 911
761629 537
762703 123
762905 497
762935 32
763336 873
763546 988
763584 956
763905 705
764129 952
764141 580
764229 622
764352 898
764410 959
764620 857
764662 654
764870 208
765239 321
765372 853
765875 956
765971 918
766038 488
766041 352
766106 831
766498 950
766551 670
766882 986
766969 378
767429 729
767607 87
767680 525
768235 639
768680 623
768806 999
769106 136
769449 6
769655 224
769788 475
769799 962
769842 928
769922 426
769927 541
770267 901
770372 676
770461 851
770597 109
770597 329
770600 410
770817 429
771406 533
771860 365
772169 346
772539 20
772541 717
772637 177
772716 321
772978 386
773040 514
773125 50
773232 467
773233 952
773386 926
773465 105
773772 574
773874 925
773945 592
774018 580
774213 148
774236 67
774259 893
774284 427
774297 844
774399 785
774655 679
774786 871
774821 636
774995 787
775339 551
776328 45
776346 215
776491 83
776667 762
776678 560
776720 454
777443 830
777522 88
777970 774
778177 567
778528 954
778792 176
778870 33
779425 905
780211 101
780216 138
780221 479
780474 25
780621 729
780823 410
780915 172
781048 147
781471 654
781595 950
781596 343
781690 438
782154 628
782431 213
782564 425
782645 414
782771 764
782824 822
783042 628
783043 198
783052 583
783386 540
783660 4
783692 764
784434 979
784462 129
784467 330
784554 932
784708 304
785120 363
785337 837
785673 405
785685 852
786003 667
786156 781
786163 580
786343 428
786577 305
786606 79
786675 81
786821 254
786883 421
787038 870
787438 882
787573 985
787591 295
787715 647
787766 100
787922 468
787943 275
788421 298
788459 402
788478 166
788639 653
788763 165
788919 496
789159 781
789449 494
789530 428
789716 437
790321 208
790519 616
790610 841
790641 59
790974 282
791044 973
791059 991
791303 709
791659 277
792237 69
792244 141
792540 883
792554 841
792706 362
792719 764
792957 825
793150 656
793366 410
793507 925
793707 475
793721 36
793768 574
793839 876
794150 553
794268 226
794553 40
794636 49
795035 358
795045 886
795743 828
795988 794
796217 93
796437 443
796438 986
796665 152
797081 724
797215 959
797258 494
797386 784
797463 587
798000 562
798356 276
798550 469
798973 754
798989 637
799112 584
799253 578
799318 645
799330 994
799594 854
800264 119
800523 381
800604 427
801127 347
801670 286
801676 4
801817 386
801829 334
802265 362
802499 271
802520 513
802621 155
802632 716
802661 955
802840 493
802921 867
803146 30
803532 451
803945 712
804139 165
804288 37
804376 273
804382 440
804417 858
805101 378
805544 428
806612 441
807020 307
807076 72
807085 786
807205 161
807259 543
807478 167
807502 587
807592 889
807677 804
807865 943
807963 626
808341 489
808451 304
808473 249
808968 1
809089 810
809170 964
809391 955
809675 302
809778 182
809789 336
809810 752
809902 893
810277 500
810360 141
810497 517
810797 291
810879 998
811185 894
811252 718
811424 790
811482 200
811527 142
811529 576
811604 712
812304 684
812385 94
812776 299
812929 924
813523 897
813901 593
813975 901
814073 385
814429 896
814459 149
814748 385
815004 57
815236 112
815535 691
815803 359
815832 645
815855 26
816092 462
816127 537
816207 877
816208 954
816416 53
816657 167
816842 303
816922 946
817196 884
817255 93
817505 498
817507 377
817664 668
817770 209
817900 412
817979 761
818213 859
818221 335
818382 657
818604 451
818724 588
818778 393
818800 698
818817 736
818970 129
819074 755
819321 200
819509 819
819958 465
820038 844
820828 196
821005 926
821105 381
821280 72
821391 880
821400 433
821512 590
821610 534
821696 731
821782 473
821823 626
822169 580
822245 202
822416 645
822445 140
823004 613
823281 405
823392 999
823452 300
823666 413
824198 801
824231 887
824330 805
825032 851
825491 622
825776 933
825924 605
825972 821
826173 103
826230 69
826338 17
826390 298
826512 346
826554 397
826865 721
826875 577
827132 181
827386 310
827737 111
827988 263
828264 135
828412 88
828778 194
829384 336
829493 733
829494 334
829530 948
829571 137
829786 684
830511 247
830594 902
831127 484
831473 133
831521 706
831685 686
831686 107
832272 991
832307 290
832340 279
832572 93
832709 710
832888 295
833486 743
833643 408
833696 43
834003 463
834123 984
834185 576
834260 773
834729 446
834827 838
835536 907
835738 534
835802 384
835871 594
836013 266
836246 717
836579 541
836912 754
837300 400
837314 140
837504 655
837822 235
837891 624
837904 361
837981 273
838311 730
838444 703
838586 914
839055 361
839516 795
839521 624
839589 7
839589 537
840362 383
840435 50
840604 352
840623 366
840659 977
840668 124
840851 164
840960 166
841084 382
841128 697
841302 549
842017 975
842306 314
842717 265
842757 867
842979 67
842999 16
843032 6
843473 722
843549 603
843637 982
844249 434
844318 875
844337 711
844357 136
844371 788
844550 423
844623 930
844772 763
844774 430
844925 819
845144 145
845319 831
845572 170
845656 863
846279 807
846595 645
846625 26
846711 324
846773 26
847273 74
847385 873
847487 352
847523 387
847881 489
848176 218
848332 453
848579 857
848653 224
848964 526
849228 811
849292 205
850112 959
850483 37
850732 267
850748 94
850755 176
850809 42
850858 376
851168 939
851194 823
851824 194
852088 435
852121 653
852540 715
852587 649
852756 811
853105 359
853331 26
853527 134
854695 384
855106 99
855194 358
855347 735
855700 837
855994 847
856085 304
856219 290
856347 703
856360 527
856480 815
856482 513
856635 83
856986 126
857075 549
857641 702
857769 219
857793 724
857978 95
858334 594
858365 14
858521 917
858523 139
858718 801
858719 921
858951 853
858978 449
859292 83
859835 563
859943 827
859995 568
860140 946
860147 925
860326 926
860328 32
860449 114
860502 772
860720 336
860774 403
861793 826
861857 214
862014 569
862161 690
862603 649
862723 694
862793 590
862983 702
863357 265
863580 313
864110 796
864347 210
864504 679
864741 64
864961 349
865014 479
866164 984
866170 553
866236 279
866266 418
866284 116
866483 105
866695 985
866765 413
867011 382
867205 910
867223 797
867311 495
867666 33
867773 484
867832 249
867834 210
867907 697
868301 169
868902 899
869294 697
869337 863
869556 488
869683 398
869782 127
870294 153
870487 545
871004 688
871182 183
871452 608
871925 388
872192 13
872201 943
872239 941
872294 291
872430 360
872438 408
872637 748
872717 697
873042 172
873327 481
873570 958
873937 968
874320 327
874434 991
874769 451
875431 575
875477 552
876209 500
876533 743
876649 451
877052 196
877074 957
877094 290
877696 946
878160 435
878216 794
878713 842
878766 123
879128 976
879611 802
879756 510
879812 988
879847 744
879958 802
880047 631
880415 456
880425 561
880614 730
880822 504
880837 733
880848 210
880858 461
881011 52
881395 536
881613 803
881800 855
881825 462
881920 355
882017 706
882337 556
882683 805
882973 253
882991 513
883108 446
883175 198
883444 947
883559 240
883707 40
883713 421
883759 567
884173 193
884536 931
884640 907
884886 288
885163 84
885239 889
885389 743
885442 645
885459 618
885635 598
885885 729
886066 179
886068 59
886207 780
886227 714
886257 861
886274 986
887121 527
887163 215
887326 691
887668 82
887714 371
887871 944
887908 946
888010 817
888255 493
888278 245
888305 408
888603 884
888717 665
888961 326
889000 76
889178 947
889497 232
889679 364
889861 31
890163 472
890197 458
890572 27
890835 89
891024 56
891475 755
891476 267
891586 114
891726 886
891775 332
891803 974
891873 872
891957 210
892318 541
892330 914
892526 292
892876 911
893518 857
894243 589
894313 79
894476 702
894674 833
894842 838
894993 585
895186 850
895611 164
895868 661
895876 148
895945 747
895947 24
896437 530
896633 219
896687 833
896749 556
896782 659
897090 888
897275 662
897491 278
897799 353
897921 548
898452 609
899484 327
899723 771
900956 819
901018 219
901076 684
901196 462
901280 129
901545 893
901561 402
901585 560
901837 594
902251 235
902992 397
903658 178
904111 436
904223 912
904790 190
905042 583
905059 11
905069 565
905636 113
905657 581
905879 398
905983 20
906002 239
906114 285
906245 682
906250 516
906331 638
906354 229
906377 477
906684 316
906718 351
906747 647
906788 534
907161 34
907802 108
908301 14
908453 278
909332 509
909361 573
909736 871
909851 95
909954 970
909961 401
909989 530
910260 233
910414 590
910592 465
910725 243
910853 507
911159 577
911363 823
911603 904
911868 948
912019 414
912084 540
912704 629
912854 281
912859 529
913880 857
914157 757
914266 196
914272 207
914277 403
914281 729
914612 593
914860 862
915067 95
915625 870
915710 723
915907 667
915929 93
915991 169
916100 988
916374 845
916574 699
916617 573
916794 434
917026 515
917357 815
918012 292
918025 443
918455 990
918908 195
919245 390
919428 755
919579 87
920110 19
920196 35
920206 615
920338 227
920525 144
920830 811
920900 786
920922 898
920945 891
921179 378
921421 760
921748 337
921796 599
922984 834
923092 4
923491 43
923712 2
923887 343
924198 887
924245 52
924882 915
924952 673
925025 566
925031 82
925680 964
925746 360
925828 71
926048 159
926086 750
926091 177
926520 245
926853 120
927280 211
927316 211
927412 346
927500 706
927610 373
927671 131
928249 604
928480 264
929510 860
929596 715
929601 600
929841 811
929954 548
930449 955
931302 853
931375 901
931600 650
931623 740
931656 953
931819 916
932106 412
932690 870
932805 997
932810 727
932958 230
933299 419
933623 885
933631 979
933737 595
933919 481
934334 98
934741 158
934858 44
935066 795
935511 863
935984 416
936233 278
936274 818
936413 31
936681 137
936688 532
937075 983
937091 299
937204 431
937517 937
937753 504
938132 332
938496 938
938641 243
938655 284
938678 854
938704 6
938761 505
939198 202
939451 84
939484 734
939640 973
939646 969
939723 64
940069 919
940295 801
940523 513
940965 76
941069 844
941309 660
941345 291
942061 612
942580 937
942638 108
942859 642
942940 425
943020 992
943142 624
943242 724
943453 422
943456 913
943948 227
943999 753
944466 850
944760 821
945076 388
945156 55
945159 178
945290 893
945447 609
945526 261
945591 978
946036 581
946072 581
946128 394
946338 499
946453 734
946497 906
947343 927
947554 929
947592 565
947755 217
947806 540
948006 853
948087 676
948211 182
948325 278
948548 667
948671 805
948865 353
948962 89
949093 717
949155 931
949284 193
949553 919
949689 103
949818 581
949853 325
949888 632
949958 825
950168 933
950188 892
950202 802
950592 513
950706 825
950727 195
950901 12
950967 558
950979 453
951106 290
951114 486
951292 369
951538 506
952152 26
952443 222
953170 533
953422 559
953496 851
953526 200
953560 363
953617 555
953661 640
953771 432
954235 485
954261 832
954287 350
954427 587
954975 412
955065 674
955186 218
955190 236
955430 607
955597 461
955650 390
955658 471
956010 637
956392 936
956518 834
956519 194
956543 388
957174 123
957333 32
957509 109
957526 980
957703 409
957999 682
958004 513
958437 967
958627 884
958758 64
958922 681
959208 438
959225 703
959359 112
959610 922
960398 534
960399 813
960452 860
960452 298
960496 839
960854 429
960902 885
961064 797
961076 889
961129 626
961133 267
961659 526
961673 562
961981 101
962132 71
962252 301
962301 575
962341 454
962370 409
962695 555
962769 862
962866 442
963079 67
963122 828
963213 325
963296 130
963677 509
964677 762
964791 184
964999 972
965159 35
965330 69
965599 785
965703 894
965843 366
965926 623
965943 322
966058 603
966102 419
966165 563
966309 228
966558 37
967216 88
967382 789
967758 137
967820 510
967884 442
968264 712
968291 964
968370 202
968483 618
968720 825
969565 644
969951 684
970055 5
970333 320
970407 165
970627 865
970643 82
970743 700
970848 188
971000 116
971337 768
971410 972
971625 362
971637 134
971656 946
971746 683
971795 88
971966 716
971967 245
971977 315
972146 753
972985 684
973014 456
973296 241
973307 546
973337 249
973406 304
973882 509
974121 450
974261 921
974940 685
975206 445
975393 956
975720 41
975732 765
976036 472
976131 257
976226 846
976324 171
976326 445
976749 313
976945 939
977228 768
977304 674
977802 424
977842 714
978438 709
978450 863
978597 781
978660 305
978674 177
978802 885
978809 341
979566 984
979670 126
979949 886
980065 232
980169 781
980281 746
980483 682
980501 54
980713 430
980782 126
980799 361
980982 823
981036 890
981119 833
981330 79
981468 87
981810 355
982071 875
982077 752
982119 645
982294 643
982538 425
982642 420
982816 708
982857 485
983025 282
983111 488
983701 790
983727 811
983787 725
983877 482
983969 794
984154 850
984373 367
984494 378
984668 982
984963 464
985221 411
985317 387
985325 245
985659 888
986306 748
986545 67
986719 130
987055 932
987389 498
987441 216
987474 286
987671 372
987877 319
988440 283
988480 14
988831 96
988933 702
989167 721
989211 580
989402 336
989611 561
990104 721
990390 146
990658 285
990668 202
990964 291
990972 486
991544 920
991744 668
991792 819
991851 383
992028 430
992214 206
992308 628
992387 318
992433 953
992499 46
992662 447
993395 884
993580 543
994136 14
994224 521
994799 915
995016 333
995188 803
995516 928
995532 428
996080 857
996121 1
997212 359
997509 192
997964 561
997971 80
998447 689
998624 197
998644 633
998710 979
998754 34
998915 553
998951 999
999002 852
999081 935
999316 780
999341 57
999795 914
