998200800
998200800
998200800
998200800
998200800
998200800
998200800
998200800
998200800
998200800
998200800
998200800
998200800
998200800
998200800
998200800
998200800
998200800
998200800
998200800
998200800
998200800
998200800
998200800
998201799
998201799
998201799
998201799
998201799
998201799
998201799
998201799
998201799
998201799
998201799
998201799
998201799
998201799
998201799
998201799
998201799
998201799
998201799
998201799
998201799
998201799
998201799
998201799
998201799
998202798
998202798
998202798
998202798
998202798
998202798
998202798
998202798
998202798
998202798
998202798
998202798
998202798
998202798
998202798
998202798
998202798
998202798
998202798
998202798
998202798
998202798
998202798
998202798
998203797
998203797
998203797
998203797
998203797
998203797
998203797
998203797
998203797
998203797
998203797
998203797
998203797
998203797
998203797
998203797
998203797
998203797
998203797
998203797
998203797
998203797
998203797
998203797
998203797
998204796
998204796
998204796
998204796
998204796
998204796
998204796
998204796
998204796
998204796
998204796
998204796
998204796
998204796
998204796
998204796
998204796
998204796
998204796
998204796
998204796
998204796
998204796
998205795
998205795
998205795
998205795
998205795
998205795
998205795
998205795
998205795
998205795
998205795
998205795
998205795
998205795
998205795
998205795
998205795
998205795
998205795
998205795
998205795
998205795
998205795
998205795
998206794
998206794
998206794
998206794
998206794
998206794
998206794
998206794
998206794
998206794
998206794
998206794
998206794
998206794
998206794
998206794
998206794
998206794
998206794
998206794
998206794
998206794
998206794
998206794
998207793
998207793
998207793
998207793
998207793
998207793
998207793
998207793
998207793
998207793
998207793
998207793
998207793
998207793
998207793
998207793
998207793
998207793
998207793
998207793
998207793
998207793
998207793
998208792
998208792
998208792
998208792
998208792
998208792
998208792
998208792
998208792
998208792
998208792
998208792
998208792
998208792
998208792
998208792
998208792
998208792
998208792
998208792
998208792
998208792
998208792
998209791
998209791
998209791
998209791
998209791
998209791
998209791
998209791
998209791
998209791
998209791
998209791
998209791
998209791
998209791
998209791
998209791
998209791
998209791
998209791
998209791
998209791
998209791
998210790
998210790
998210790
998210790
998210790
998210790
998210790
998210790
998210790
998210790
998210790
998210790
998210790
998210790
998210790
998210790
998210790
998210790
998210790
998210790
998210790
998210790
998211789
998211789
998211789
998211789
998211789
998211789
998211789
998211789
998211789
998211789
998211789
998211789
998211789
998211789
998211789
998211789
998211789
998211789
998211789
998211789
998211789
998211789
998211789
998212788
998212788
998212788
998212788
998212788
998212788
998212788
998212788
998212788
998212788
998212788
998212788
998212788
998212788
998212788
998212788
998212788
998212788
998212788
998212788
998212788
998212788
998213787
998213787
998213787
998213787
998213787
998213787
998213787
998213787
998213787
998213787
998213787
998213787
998213787
998213787
998213787
998213787
998213787
998213787
998213787
998213787
998213787
998213787
998214786
998214786
998214786
998214786
998214786
998214786
998214786
998214786
998214786
998214786
998214786
998214786
998214786
998214786
998214786
998214786
998214786
998214786
998214786
998214786
998214786
998215785
998215785
998215785
998215785
998215785
998215785
998215785
998215785
998215785
998215785
998215785
998215785
998215785
998215785
998215785
998215785
998215785
998215785
998215785
998215785
998215785
998215785
998216784
998216784
998216784
998216784
998216784
998216784
998216784
998216784
998216784
998216784
998216784
998216784
998216784
998216784
998216784
998216784
998216784
998216784
998216784
998216784
998216784
998217783
998217783
998217783
998217783
998217783
998217783
998217783
998217783
998217783
998217783
998217783
998217783
998217783
998217783
998217783
998217783
998217783
998217783
998217783
998217783
998217783
998218782
998218782
998218782
998218782
998218782
998218782
998218782
998218782
998218782
998218782
998218782
998218782
998218782
998218782
998218782
998218782
998218782
998218782
998218782
998218782
998218782
998219781
998219781
998219781
998219781
998219781
998219781
998219781
998219781
998219781
998219781
998219781
998219781
998219781
998219781
998219781
998219781
998219781
998219781
998219781
998219781
998219781
998220780
998220780
998220780
998220780
998220780
998220780
998220780
998220780
998220780
998220780
998220780
998220780
998220780
998220780
998220780
998220780
998220780
998220780
998220780
998220780
998220780
998221779
998221779
998221779
998221779
998221779
998221779
998221779
998221779
998221779
998221779
998221779
998221779
998221779
998221779
998221779
998221779
998221779
998221779
998221779
998221779
998222778
998222778
998222778
998222778
998222778
998222778
998222778
998222778
998222778
998222778
998222778
998222778
998222778
998222778
998222778
998222778
998222778
998222778
998222778
998222778
998223777
998223777
998223777
998223777
998223777
998223777
998223777
998223777
998223777
998223777
998223777
998223777
998223777
998223777
998223777
998223777
998223777
998223777
998223777
998223777
998224776
998224776
998224776
998224776
998224776
998224776
998224776
998224776
998224776
998224776
998224776
998224776
998224776
998224776
998224776
998224776
998224776
998224776
998224776
998224776
998225775
998225775
998225775
998225775
998225775
998225775
998225775
998225775
998225775
998225775
998225775
998225775
998225775
998225775
998225775
998225775
998225775
998225775
998225775
998225775
998226774
998226774
998226774
998226774
998226774
998226774
998226774
998226774
998226774
998226774
998226774
998226774
998226774
998226774
998226774
998226774
998226774
998226774
998226774
998227773
998227773
998227773
998227773
998227773
998227773
998227773
998227773
998227773
998227773
998227773
998227773
998227773
998227773
998227773
998227773
998227773
998227773
998227773
998227773
998228772
998228772
998228772
998228772
998228772
998228772
998228772
998228772
998228772
998228772
998228772
998228772
998228772
998228772
998228772
998228772
998228772
998228772
998228772
998229771
998229771
998229771
998229771
998229771
998229771
998229771
998229771
998229771
998229771
998229771
998229771
998229771
998229771
998229771
998229771
998229771
998229771
998229771
998230770
998230770
998230770
998230770
998230770
998230770
998230770
998230770
998230770
998230770
998230770
998230770
998230770
998230770
998230770
998230770
998230770
998230770
998230770
998231769
998231769
998231769
998231769
998231769
998231769
998231769
998231769
998231769
998231769
998231769
998231769
998231769
998231769
998231769
998231769
998231769
998231769
998232768
998232768
998232768
998232768
998232768
998232768
998232768
998232768
998232768
998232768
998232768
998232768
998232768
998232768
998232768
998232768
998232768
998232768
998232768
998233767
998233767
998233767
998233767
998233767
998233767
998233767
998233767
998233767
998233767
998233767
998233767
998233767
998233767
998233767
998233767
998233767
998233767
998234766
998234766
998234766
998234766
998234766
998234766
998234766
998234766
998234766
998234766
998234766
998234766
998234766
998234766
998234766
998234766
998234766
998234766
998235765
998235765
998235765
998235765
998235765
998235765
998235765
998235765
998235765
998235765
998235765
998235765
998235765
998235765
998235765
998235765
998235765
998235765
998236764
998236764
998236764
998236764
998236764
998236764
998236764
998236764
998236764
998236764
998236764
998236764
998236764
998236764
998236764
998236764
998236764
998236764
998237763
998237763
998237763
998237763
998237763
998237763
998237763
998237763
998237763
998237763
998237763
998237763
998237763
998237763
998237763
998237763
998237763
998237763
998238762
998238762
998238762
998238762
998238762
998238762
998238762
998238762
998238762
998238762
998238762
998238762
998238762
998238762
998238762
998238762
998238762
998239761
998239761
998239761
998239761
998239761
998239761
998239761
998239761
998239761
998239761
998239761
998239761
998239761
998239761
998239761
998239761
998239761
998239761
998240760
998240760
998240760
998240760
998240760
998240760
998240760
998240760
998240760
998240760
998240760
998240760
998240760
998240760
998240760
998240760
998240760
998241759
998241759
998241759
998241759
998241759
998241759
998241759
998241759
998241759
998241759
998241759
998241759
998241759
998241759
998241759
998241759
998241759
998242758
998242758
998242758
998242758
998242758
998242758
998242758
998242758
998242758
998242758
998242758
998242758
998242758
998242758
998242758
998242758
998242758
998243757
998243757
998243757
998243757
998243757
998243757
998243757
998243757
998243757
998243757
998243757
998243757
998243757
998243757
998243757
998243757
998243757
998244756
998244756
998244756
998244756
998244756
998244756
998244756
998244756
998244756
998244756
998244756
998244756
998244756
998244756
998244756
998244756
998244756
998245755
998245755
998245755
998245755
998245755
998245755
998245755
998245755
998245755
998245755
998245755
998245755
998245755
998245755
998245755
998245755
998246754
998246754
998246754
998246754
998246754
998246754
998246754
998246754
998246754
998246754
998246754
998246754
998246754
998246754
998246754
998246754
998246754
998247753
998247753
998247753
998247753
998247753
998247753
998247753
998247753
998247753
998247753
998247753
998247753
998247753
998247753
998247753
998247753
998248752
998248752
998248752
998248752
998248752
998248752
998248752
998248752
998248752
998248752
998248752
998248752
998248752
998248752
998248752
998248752
998249751
998249751
998249751
998249751
998249751
998249751
998249751
998249751
998249751
998249751
998249751
998249751
998249751
998249751
998249751
998249751
998249751
998250750
998250750
998250750
998250750
998250750
998250750
998250750
998250750
998250750
998250750
998250750
998250750
998250750
998250750
998250750
998251749
998251749
998251749
998251749
998251749
998251749
998251749
998251749
998251749
998251749
998251749
998251749
998251749
998251749
998251749
998251749
998252748
998252748
998252748
998252748
998252748
998252748
998252748
998252748
998252748
998252748
998252748
998252748
998252748
998252748
998252748
998252748
998253747
998253747
998253747
998253747
998253747
998253747
998253747
998253747
998253747
998253747
998253747
998253747
998253747
998253747
998253747
998254746
998254746
998254746
998254746
998254746
998254746
998254746
998254746
998254746
998254746
998254746
998254746
998254746
998254746
998254746
998254746
998255745
998255745
998255745
998255745
998255745
998255745
998255745
998255745
998255745
998255745
998255745
998255745
998255745
998255745
998255745
998256744
998256744
998256744
998256744
998256744
998256744
998256744
998256744
998256744
998256744
998256744
998256744
998256744
998256744
998256744
998257743
998257743
998257743
998257743
998257743
998257743
998257743
998257743
998257743
998257743
998257743
998257743
998257743
998257743
998257743
998257743
998258742
998258742
998258742
998258742
998258742
998258742
998258742
998258742
998258742
998258742
998258742
998258742
998258742
998258742
998258742
998259741
998259741
998259741
998259741
998259741
998259741
998259741
998259741
998259741
998259741
998259741
998259741
998259741
998259741
998260740
998260740
998260740
998260740
998260740
998260740
998260740
998260740
998260740
998260740
998260740
998260740
998260740
998260740
998260740
998261739
998261739
998261739
998261739
998261739
998261739
998261739
998261739
998261739
998261739
998261739
998261739
998261739
998261739
998261739
998262738
998262738
998262738
998262738
998262738
998262738
998262738
998262738
998262738
998262738
998262738
998262738
998262738
998262738
998263737
998263737
998263737
998263737
998263737
998263737
998263737
998263737
998263737
998263737
998263737
998263737
998263737
998263737
998263737
998264736
998264736
998264736
998264736
998264736
998264736
998264736
998264736
998264736
998264736
998264736
998264736
998264736
998264736
998265735
998265735
998265735
998265735
998265735
998265735
998265735
998265735
998265735
998265735
998265735
998265735
998265735
998265735
998266734
998266734
998266734
998266734
998266734
998266734
998266734
998266734
998266734
998266734
998266734
998266734
998266734
998266734
998267733
998267733
998267733
998267733
998267733
998267733
998267733
998267733
998267733
998267733
998267733
998267733
998267733
998267733
998268732
998268732
998268732
998268732
998268732
998268732
998268732
998268732
998268732
998268732
998268732
998268732
998268732
998268732
998269731
998269731
998269731
998269731
998269731
998269731
998269731
998269731
998269731
998269731
998269731
998269731
998269731
998269731
998270730
998270730
998270730
998270730
998270730
998270730
998270730
998270730
998270730
998270730
998270730
998270730
998270730
998271729
998271729
998271729
998271729
998271729
998271729
998271729
998271729
998271729
998271729
998271729
998271729
998271729
998271729
998272728
998272728
998272728
998272728
998272728
998272728
998272728
998272728
998272728
998272728
998272728
998272728
998272728
998272728
998273727
998273727
998273727
998273727
998273727
998273727
998273727
998273727
998273727
998273727
998273727
998273727
998273727
998274726
998274726
998274726
998274726
998274726
998274726
998274726
998274726
998274726
998274726
998274726
998274726
998274726
998275725
998275725
998275725
998275725
998275725
998275725
998275725
998275725
998275725
998275725
998275725
998275725
998275725
998276724
998276724
998276724
998276724
998276724
998276724
998276724
998276724
998276724
998276724
998276724
998276724
998276724
998277723
998277723
998277723
998277723
998277723
998277723
998277723
998277723
998277723
998277723
998277723
998277723
998277723
998278722
998278722
998278722
998278722
998278722
998278722
998278722
998278722
998278722
998278722
998278722
998278722
998278722
998279721
998279721
998279721
998279721
998279721
998279721
998279721
998279721
998279721
998279721
998279721
998279721
998279721
998280720
998280720
998280720
998280720
998280720
998280720
998280720
998280720
998280720
998280720
998280720
998280720
998280720
998281719
998281719
998281719
998281719
998281719
998281719
998281719
998281719
998281719
998281719
998281719
998281719
998282718
998282718
998282718
998282718
998282718
998282718
998282718
998282718
998282718
998282718
998282718
998282718
998282718
998283717
998283717
998283717
998283717
998283717
998283717
998283717
998283717
998283717
998283717
998283717
998283717
998284716
998284716
998284716
998284716
998284716
998284716
998284716
998284716
998284716
998284716
998284716
998284716
998284716
998285715
998285715
998285715
998285715
998285715
998285715
998285715
998285715
998285715
998285715
998285715
998285715
998286714
998286714
998286714
998286714
998286714
998286714
998286714
998286714
998286714
998286714
998286714
998286714
998287713
998287713
998287713
998287713
998287713
998287713
998287713
998287713
998287713
998287713
998287713
998287713
998288712
998288712
998288712
998288712
998288712
998288712
998288712
998288712
998288712
998288712
998288712
998288712
998289711
998289711
998289711
998289711
998289711
998289711
998289711
998289711
998289711
998289711
998289711
998289711
998290710
998290710
998290710
998290710
998290710
998290710
998290710
998290710
998290710
998290710
998290710
998290710
998291709
998291709
998291709
998291709
998291709
998291709
998291709
998291709
998291709
998291709
998291709
998291709
998292708
998292708
998292708
998292708
998292708
998292708
998292708
998292708
998292708
998292708
998292708
998292708
998293707
998293707
998293707
998293707
998293707
998293707
998293707
998293707
998293707
998293707
998293707
998294706
998294706
998294706
998294706
998294706
998294706
998294706
998294706
998294706
998294706
998294706
998294706
998295705
998295705
998295705
998295705
998295705
998295705
998295705
998295705
998295705
998295705
998295705
998296704
998296704
998296704
998296704
998296704
998296704
998296704
998296704
998296704
998296704
998296704
998296704
998297703
998297703
998297703
998297703
998297703
998297703
998297703
998297703
998297703
998297703
998297703
998298702
998298702
998298702
998298702
998298702
998298702
998298702
998298702
998298702
998298702
998298702
998299701
998299701
998299701
998299701
998299701
998299701
998299701
998299701
998299701
998299701
998299701
998300700
998300700
998300700
998300700
998300700
998300700
998300700
998300700
998300700
998300700
998300700
998301699
998301699
998301699
998301699
998301699
998301699
998301699
998301699
998301699
998301699
998301699
998302698
998302698
998302698
998302698
998302698
998302698
998302698
998302698
998302698
998302698
998302698
998303697
998303697
998303697
998303697
998303697
998303697
998303697
998303697
998303697
998303697
998303697
998304696
998304696
998304696
998304696
998304696
998304696
998304696
998304696
998304696
998304696
998304696
998305695
998305695
998305695
998305695
998305695
998305695
998305695
998305695
998305695
998305695
998305695
998306694
998306694
998306694
998306694
998306694
998306694
998306694
998306694
998306694
998306694
998307693
998307693
998307693
998307693
998307693
998307693
998307693
998307693
998307693
998307693
998307693
998308692
998308692
998308692
998308692
998308692
998308692
998308692
998308692
998308692
998308692
998309691
998309691
998309691
998309691
998309691
998309691
998309691
998309691
998309691
998309691
998309691
998310690
998310690
998310690
998310690
998310690
998310690
998310690
998310690
998310690
998310690
998311689
998311689
998311689
998311689
998311689
998311689
998311689
998311689
998311689
998311689
998312688
998312688
998312688
998312688
998312688
998312688
998312688
998312688
998312688
998312688
998312688
998313687
998313687
998313687
998313687
998313687
998313687
998313687
998313687
998313687
998313687
998314686
998314686
998314686
998314686
998314686
998314686
998314686
998314686
998314686
998314686
998315685
998315685
998315685
998315685
998315685
998315685
998315685
998315685
998315685
998315685
998316684
998316684
998316684
998316684
998316684
998316684
998316684
998316684
998316684
998316684
998317683
998317683
998317683
998317683
998317683
998317683
998317683
998317683
998317683
998317683
998318682
998318682
998318682
998318682
998318682
998318682
998318682
998318682
998318682
998318682
998319681
998319681
998319681
998319681
998319681
998319681
998319681
998319681
998319681
998319681
998320680
998320680
998320680
998320680
998320680
998320680
998320680
998320680
998320680
998321679
998321679
998321679
998321679
998321679
998321679
998321679
998321679
998321679
998321679
998322678
998322678
998322678
998322678
998322678
998322678
998322678
998322678
998322678
998322678
998323677
998323677
998323677
998323677
998323677
998323677
998323677
998323677
998323677
998324676
998324676
998324676
998324676
998324676
998324676
998324676
998324676
998324676
998324676
998325675
998325675
998325675
998325675
998325675
998325675
998325675
998325675
998325675
998326674
998326674
998326674
998326674
998326674
998326674
998326674
998326674
998326674
998327673
998327673
998327673
998327673
998327673
998327673
998327673
998327673
998327673
998327673
998328672
998328672
998328672
998328672
998328672
998328672
998328672
998328672
998328672
998329671
998329671
998329671
998329671
998329671
998329671
998329671
998329671
998329671
998330670
998330670
998330670
998330670
998330670
998330670
998330670
998330670
998330670
998331669
998331669
998331669
998331669
998331669
998331669
998331669
998331669
998331669
998332668
998332668
998332668
998332668
998332668
998332668
998332668
998332668
998332668
998332668
998333667
998333667
998333667
998333667
998333667
998333667
998333667
998333667
998334666
998334666
998334666
998334666
998334666
998334666
998334666
998334666
998334666
998335665
998335665
998335665
998335665
998335665
998335665
998335665
998335665
998335665
998336664
998336664
998336664
998336664
998336664
998336664
998336664
998336664
998336664
998337663
998337663
998337663
998337663
998337663
998337663
998337663
998337663
998337663
998338662
998338662
998338662
998338662
998338662
998338662
998338662
998338662
998338662
998339661
998339661
998339661
998339661
998339661
998339661
998339661
998339661
998340660
998340660
998340660
998340660
998340660
998340660
998340660
998340660
998340660
998341659
998341659
998341659
998341659
998341659
998341659
998341659
998341659
998341659
998342658
998342658
998342658
998342658
998342658
998342658
998342658
998342658
998343657
998343657
998343657
998343657
998343657
998343657
998343657
998343657
998343657
998344656
998344656
998344656
998344656
998344656
998344656
998344656
998344656
998345655
998345655
998345655
998345655
998345655
998345655
998345655
998345655
998346654
998346654
998346654
998346654
998346654
998346654
998346654
998346654
998346654
998347653
998347653
998347653
998347653
998347653
998347653
998347653
998347653
998348652
998348652
998348652
998348652
998348652
998348652
998348652
998348652
998349651
998349651
998349651
998349651
998349651
998349651
998349651
998349651
998350650
998350650
998350650
998350650
998350650
998350650
998350650
998350650
998350650
998351649
998351649
998351649
998351649
998351649
998351649
998351649
998351649
998352648
998352648
998352648
998352648
998352648
998352648
998352648
998352648
998353647
998353647
998353647
998353647
998353647
998353647
998353647
998353647
998354646
998354646
998354646
998354646
998354646
998354646
998354646
998354646
998355645
998355645
998355645
998355645
998355645
998355645
998355645
998355645
998356644
998356644
998356644
998356644
998356644
998356644
998356644
998357643
998357643
998357643
998357643
998357643
998357643
998357643
998357643
998358642
998358642
998358642
998358642
998358642
998358642
998358642
998358642
998359641
998359641
998359641
998359641
998359641
998359641
998359641
998359641
998360640
998360640
998360640
998360640
998360640
998360640
998360640
998361639
998361639
998361639
998361639
998361639
998361639
998361639
998361639
998362638
998362638
998362638
998362638
998362638
998362638
998362638
998362638
998363637
998363637
998363637
998363637
998363637
998363637
998363637
998364636
998364636
998364636
998364636
998364636
998364636
998364636
998364636
998365635
998365635
998365635
998365635
998365635
998365635
998365635
998366634
998366634
998366634
998366634
998366634
998366634
998366634
998366634
998367633
998367633
998367633
998367633
998367633
998367633
998367633
998368632
998368632
998368632
998368632
998368632
998368632
998368632
998369631
998369631
998369631
998369631
998369631
998369631
998369631
998369631
998370630
998370630
998370630
998370630
998370630
998370630
998370630
998371629
998371629
998371629
998371629
998371629
998371629
998371629
998372628
998372628
998372628
998372628
998372628
998372628
998372628
998372628
998373627
998373627
998373627
998373627
998373627
998373627
998373627
998374626
998374626
998374626
998374626
998374626
998374626
998374626
998375625
998375625
998375625
998375625
998375625
998375625
998375625
998376624
998376624
998376624
998376624
998376624
998376624
998376624
998377623
998377623
998377623
998377623
998377623
998377623
998377623
998378622
998378622
998378622
998378622
998378622
998378622
998378622
998379621
998379621
998379621
998379621
998379621
998379621
998379621
998380620
998380620
998380620
998380620
998380620
998380620
998380620
998381619
998381619
998381619
998381619
998381619
998381619
998381619
998382618
998382618
998382618
998382618
998382618
998382618
998382618
998383617
998383617
998383617
998383617
998383617
998383617
998384616
998384616
998384616
998384616
998384616
998384616
998384616
998385615
998385615
998385615
998385615
998385615
998385615
998385615
998386614
998386614
998386614
998386614
998386614
998386614
998386614
998387613
998387613
998387613
998387613
998387613
998387613
998388612
998388612
998388612
998388612
998388612
998388612
998388612
998389611
998389611
998389611
998389611
998389611
998389611
998390610
998390610
998390610
998390610
998390610
998390610
998390610
998391609
998391609
998391609
998391609
998391609
998391609
998392608
998392608
998392608
998392608
998392608
998392608
998392608
998393607
998393607
998393607
998393607
998393607
998393607
998394606
998394606
998394606
998394606
998394606
998394606
998394606
998395605
998395605
998395605
998395605
998395605
998395605
998396604
998396604
998396604
998396604
998396604
998396604
998396604
998397603
998397603
998397603
998397603
998397603
998397603
998398602
998398602
998398602
998398602
998398602
998398602
998399601
998399601
998399601
998399601
998399601
998399601
998399601
998400600
998400600
998400600
998400600
998400600
998400600
998401599
998401599
998401599
998401599
998401599
998401599
998402598
998402598
998402598
998402598
998402598
998402598
998403597
998403597
998403597
998403597
998403597
998403597
998404596
998404596
998404596
998404596
998404596
998404596
998405595
998405595
998405595
998405595
998405595
998405595
998406594
998406594
998406594
998406594
998406594
998406594
998406594
998407593
998407593
998407593
998407593
998407593
998407593
998408592
998408592
998408592
998408592
998408592
998408592
998409591
998409591
998409591
998409591
998409591
998410590
998410590
998410590
998410590
998410590
998410590
998411589
998411589
998411589
998411589
998411589
998411589
998412588
998412588
998412588
998412588
998412588
998412588
998413587
998413587
998413587
998413587
998413587
998413587
998414586
998414586
998414586
998414586
998414586
998414586
998415585
998415585
998415585
998415585
998415585
998415585
998416584
998416584
998416584
998416584
998416584
998417583
998417583
998417583
998417583
998417583
998417583
998418582
998418582
998418582
998418582
998418582
998418582
998419581
998419581
998419581
998419581
998419581
998419581
998420580
998420580
998420580
998420580
998420580
998421579
998421579
998421579
998421579
998421579
998421579
998422578
998422578
998422578
998422578
998422578
998423577
998423577
998423577
998423577
998423577
998423577
998424576
998424576
998424576
998424576
998424576
998424576
998425575
998425575
998425575
998425575
998425575
998426574
998426574
998426574
998426574
998426574
998426574
998427573
998427573
998427573
998427573
998427573
998428572
998428572
998428572
998428572
998428572
998428572
998429571
998429571
998429571
998429571
998429571
998430570
998430570
998430570
998430570
998430570
998431569
998431569
998431569
998431569
998431569
998431569
998432568
998432568
998432568
998432568
998432568
998433567
998433567
998433567
998433567
998433567
998434566
998434566
998434566
998434566
998434566
998434566
998435565
998435565
998435565
998435565
998435565
998436564
998436564
998436564
998436564
998436564
998437563
998437563
998437563
998437563
998437563
998438562
998438562
998438562
998438562
998438562
998438562
998439561
998439561
998439561
998439561
998439561
998440560
998440560
998440560
998440560
998440560
998441559
998441559
998441559
998441559
998441559
998442558
998442558
998442558
998442558
998442558
998443557
998443557
998443557
998443557
998443557
998444556
998444556
998444556
998444556
998444556
998445555
998445555
998445555
998445555
998445555
998446554
998446554
998446554
998446554
998446554
998447553
998447553
998447553
998447553
998447553
998448552
998448552
998448552
998448552
998448552
998449551
998449551
998449551
998449551
998449551
998450550
998450550
998450550
998450550
998450550
998451549
998451549
998451549
998451549
998451549
998452548
998452548
998452548
998452548
998452548
998453547
998453547
998453547
998453547
998453547
998454546
998454546
998454546
998454546
998454546
998455545
998455545
998455545
998455545
998455545
998456544
998456544
998456544
998456544
998457543
998457543
998457543
998457543
998457543
998458542
998458542
998458542
998458542
998458542
998459541
998459541
998459541
998459541
998459541
998460540
998460540
998460540
998460540
998461539
998461539
998461539
998461539
998461539
998462538
998462538
998462538
998462538
998462538
998463537
998463537
998463537
998463537
998464536
998464536
998464536
998464536
998464536
998465535
998465535
998465535
998465535
998465535
998466534
998466534
998466534
998466534
998467533
998467533
998467533
998467533
998467533
998468532
998468532
998468532
998468532
998469531
998469531
998469531
998469531
998469531
998470530
998470530
998470530
998470530
998471529
998471529
998471529
998471529
998471529
998472528
998472528
998472528
998472528
998473527
998473527
998473527
998473527
998473527
998474526
998474526
998474526
998474526
998475525
998475525
998475525
998475525
998475525
998476524
998476524
998476524
998476524
998477523
998477523
998477523
998477523
998478522
998478522
998478522
998478522
998478522
998479521
998479521
998479521
998479521
998480520
998480520
998480520
998480520
998480520
998481519
998481519
998481519
998481519
998482518
998482518
998482518
998482518
998483517
998483517
998483517
998483517
998484516
998484516
998484516
998484516
998484516
998485515
998485515
998485515
998485515
998486514
998486514
998486514
998486514
998487513
998487513
998487513
998487513
998488512
998488512
998488512
998488512
998488512
998489511
998489511
998489511
998489511
998490510
998490510
998490510
998490510
998491509
998491509
998491509
998491509
998492508
998492508
998492508
998492508
998493507
998493507
998493507
998493507
998494506
998494506
998494506
998494506
998495505
998495505
998495505
998495505
998496504
998496504
998496504
998496504
998497503
998497503
998497503
998497503
998498502
998498502
998498502
998498502
998499501
998499501
998499501
998499501
998499501
998500500
998500500
998500500
998501499
998501499
998501499
998501499
998502498
998502498
998502498
998502498
998503497
998503497
998503497
998503497
998504496
998504496
998504496
998504496
998505495
998505495
998505495
998505495
998506494
998506494
998506494
998506494
998507493
998507493
998507493
998507493
998508492
998508492
998508492
998508492
998509491
998509491
998509491
998509491
998510490
998510490
998510490
998510490
998511489
998511489
998511489
998512488
998512488
998512488
998512488
998513487
998513487
998513487
998513487
998514486
998514486
998514486
998514486
998515485
998515485
998515485
998515485
998516484
998516484
998516484
998517483
998517483
998517483
998517483
998518482
998518482
998518482
998518482
998519481
998519481
998519481
998520480
998520480
998520480
998520480
998521479
998521479
998521479
998521479
998522478
998522478
998522478
998523477
998523477
998523477
998523477
998524476
998524476
998524476
998524476
998525475
998525475
998525475
998526474
998526474
998526474
998526474
998527473
998527473
998527473
998527473
998528472
998528472
998528472
998529471
998529471
998529471
998529471
998530470
998530470
998530470
998531469
998531469
998531469
998531469
998532468
998532468
998532468
998533467
998533467
998533467
998533467
998534466
998534466
998534466
998535465
998535465
998535465
998535465
998536464
998536464
998536464
998537463
998537463
998537463
998537463
998538462
998538462
998538462
998539461
998539461
998539461
998539461
998540460
998540460
998540460
998541459
998541459
998541459
998542458
998542458
998542458
998542458
998543457
998543457
998543457
998544456
998544456
998544456
998544456
998545455
998545455
998545455
998546454
998546454
998546454
998547453
998547453
998547453
998547453
998548452
998548452
998548452
998549451
998549451
998549451
998550450
998550450
998550450
998550450
998551449
998551449
998551449
998552448
998552448
998552448
998553447
998553447
998553447
998554446
998554446
998554446
998554446
998555445
998555445
998555445
998556444
998556444
998556444
998557443
998557443
998557443
998558442
998558442
998558442
998558442
998559441
998559441
998559441
998560440
998560440
998560440
998561439
998561439
998561439
998562438
998562438
998562438
998563437
998563437
998563437
998564436
998564436
998564436
998564436
998565435
998565435
998565435
998566434
998566434
998566434
998567433
998567433
998567433
998568432
998568432
998568432
998569431
998569431
998569431
998570430
998570430
998570430
998571429
998571429
998571429
998572428
998572428
998572428
998573427
998573427
998573427
998574426
998574426
998574426
998575425
998575425
998575425
998576424
998576424
998576424
998577423
998577423
998577423
998578422
998578422
998578422
998579421
998579421
998579421
998580420
998580420
998580420
998581419
998581419
998581419
998582418
998582418
998582418
998583417
998583417
998583417
998584416
998584416
998584416
998585415
998585415
998585415
998586414
998586414
998586414
998587413
998587413
998587413
998588412
998588412
998588412
998589411
998589411
998589411
998590410
998590410
998591409
998591409
998591409
998592408
998592408
998592408
998593407
998593407
998593407
998594406
998594406
998594406
998595405
998595405
998595405
998596404
998596404
998597403
998597403
998597403
998598402
998598402
998598402
998599401
998599401
998599401
998600400
998600400
998600400
998601399
998601399
998602398
998602398
998602398
998603397
998603397
998603397
998604396
998604396
998604396
998605395
998605395
998606394
998606394
998606394
998607393
998607393
998607393
998608392
998608392
998609391
998609391
998609391
998610390
998610390
998610390
998611389
998611389
998611389
998612388
998612388
998613387
998613387
998613387
998614386
998614386
998615385
998615385
998615385
998616384
998616384
998616384
998617383
998617383
998618382
998618382
998618382
998619381
998619381
998619381
998620380
998620380
998621379
998621379
998621379
998622378
998622378
998623377
998623377
998623377
998624376
998624376
998624376
998625375
998625375
998626374
998626374
998626374
998627373
998627373
998628372
998628372
998628372
998629371
998629371
998630370
998630370
998630370
998631369
998631369
998632368
998632368
998632368
998633367
998633367
998634366
998634366
998634366
998635365
998635365
998636364
998636364
998636364
998637363
998637363
998638362
998638362
998638362
998639361
998639361
998640360
998640360
998641359
998641359
998641359
998642358
998642358
998643357
998643357
998643357
998644356
998644356
998645355
998645355
998645355
998646354
998646354
998647353
998647353
998648352
998648352
998648352
998649351
998649351
998650350
998650350
998651349
998651349
998651349
998652348
998652348
998653347
998653347
998654346
998654346
998654346
998655345
998655345
998656344
998656344
998657343
998657343
998657343
998658342
998658342
998659341
998659341
998660340
998660340
998660340
998661339
998661339
998662338
998662338
998663337
998663337
998664336
998664336
998664336
998665335
998665335
998666334
998666334
998667333
998667333
998668332
998668332
998668332
998669331
998669331
998670330
998670330
998671329
998671329
998672328
998672328
998672328
998673327
998673327
998674326
998674326
998675325
998675325
998676324
998676324
998677323
998677323
998677323
998678322
998678322
998679321
998679321
998680320
998680320
998681319
998681319
998682318
998682318
998683317
998683317
998683317
998684316
998684316
998685315
998685315
998686314
998686314
998687313
998687313
998688312
998688312
998689311
998689311
998690310
998690310
998691309
998691309
998692308
998692308
998692308
998693307
998693307
998694306
998694306
998695305
998695305
998696304
998696304
998697303
998697303
998698302
998698302
998699301
998699301
998700300
998700300
998701299
998701299
998702298
998702298
998703297
998703297
998704296
998704296
998705295
998705295
998706294
998706294
998707293
998707293
998708292
998708292
998709291
998709291
998710290
998710290
998711289
998711289
998712288
998712288
998713287
998713287
998714286
998714286
998715285
998715285
998716284
998716284
998717283
998717283
998718282
998718282
998719281
998719281
998720280
998720280
998721279
998722278
998722278
998723277
998723277
998724276
998724276
998725275
998725275
998726274
998726274
998727273
998727273
998728272
998728272
998729271
998729271
998730270
998730270
998731269
998732268
998732268
998733267
998733267
998734266
998734266
998735265
998735265
998736264
998736264
998737263
998738262
998738262
998739261
998739261
998740260
998740260
998741259
998741259
998742258
998742258
998743257
998744256
998744256
998745255
998745255
998746254
998746254
998747253
998747253
998748252
998749251
998749251
998750250
998750250
998751249
998751249
998752248
998753247
998753247
998754246
998754246
998755245
998755245
998756244
998757243
998757243
998758242
998758242
998759241
998759241
998760240
998761239
998761239
998762238
998762238
998763237
998763237
998764236
998765235
998765235
998766234
998766234
998767233
998768232
998768232
998769231
998769231
998770230
998771229
998771229
998772228
998772228
998773227
998773227
998774226
998775225
998775225
998776224
998776224
998777223
998778222
998778222
998779221
998780220
998780220
998781219
998781219
998782218
998783217
998783217
998784216
998784216
998785215
998786214
998786214
998787213
998788212
998788212
998789211
998789211
998790210
998791209
998791209
998792208
998793207
998793207
998794206
998794206
998795205
998796204
998796204
998797203
998798202
998798202
998799201
998799201
998800200
998801199
998801199
998802198
998803197
998803197
998804196
998805195
998805195
998806194
998807193
998807193
998808192
998809191
998809191
998810190
998811189
998811189
998812188
998813187
998813187
998814186
998814186
998815185
998816184
998816184
998817183
998818182
998818182
998819181
998820180
998821179
998821179
998822178
998823177
998823177
998824176
998825175
998825175
998826174
998827173
998827173
998828172
998829171
998829171
998830170
998831169
998831169
998832168
998833167
998834166
998834166
998835165
998836164
998836164
998837163
998838162
998838162
998839161
998840160
998841159
998841159
998842158
998843157
998843157
998844156
998845155
998846154
998846154
998847153
998848152
998848152
998849151
998850150
998851149
998851149
998852148
998853147
998853147
998854146
998855145
998856144
998856144
998857143
998858142
998859141
998859141
998860140
998861139
998862138
998862138
998863137
998864136
998865135
998865135
998866134
998867133
998868132
998868132
998869131
998870130
998871129
998871129
998872128
998873127
998874126
998874126
998875125
998876124
998877123
998877123
998878122
998879121
998880120
998881119
998881119
998882118
998883117
998884116
998884116
998885115
998886114
998887113
998888112
998888112
998889111
998890110
998891109
998892108
998892108
998893107
998894106
998895105
998896104
998896104
998897103
998898102
998899101
998900100
998900100
998901099
998902098
998903097
998904096
998904096
998905095
998906094
998907093
998908092
998909091
998909091
998910090
998911089
998912088
998913087
998914086
998914086
998915085
998916084
998917083
998918082
998919081
998919081
998920080
998921079
998922078
998923077
998924076
998925075
998925075
998926074
998927073
998928072
998929071
998930070
998931069
998931069
998932068
998933067
998934066
998935065
998936064
998937063
998938062
998938062
998939061
998940060
998941059
998942058
998943057
998944056
998945055
998946054
998946054
998947053
998948052
998949051
998950050
998951049
998952048
998953047
998954046
998955045
998956044
998956044
998957043
998958042
998959041
998960040
998961039
998962038
998963037
998964036
998965035
998966034
998967033
998968032
998968032
998969031
998970030
998971029
998972028
998973027
998974026
998975025
998976024
998977023
998978022
998979021
998980020
998981019
998982018
998983017
998984016
998985015
998986014
998987013
998988012
998989011
998990010
998991009
998992008
998993007
998994006
998995005
998996004
998997003
998998002
998998002
998999001
999000000
999001000
999002000
999003000
999004000
999005000
999006000
999007000
999008000
999009000
999010000
999011000
999012000
999013000
999014000
999015000
999016000
999017000
999018000
999019000
999020000
999021000
999022000
999023000
999024000
999025000
999026000
999027000
999028000
999029000
999030000
999031000
999032000
999033000
999034000
999035000
999036000
999037000
999038000
999039000
999040000
999041000
999042000
999043000
999044000
999045000
999046000
999047000
999048000
999049000
999050000
999051000
999052000
999053000
999054000
999055000
999056000
999057000
999058000
999059000
999060000
999061000
999062000
999063000
999064000
999065000
999066000
999067000
999068000
999069000
999070000
999071000
999072000
999073000
999074000
999075000
999076000
999077000
999078000
999079000
999080000
999081000
999082000
999083000
999084000
999085000
999086000
999087000
999088000
999089000
999090000
999091000
999092000
999093000
999094000
999095000
999096000
999097000
999098000
999099000
999100000
999101000
999102000
999103000
999104000
999105000
999106000
999107000
999108000
999109000
999110000
999111000
999112000
999113000
999114000
999115000
999116000
999117000
999118000
999119000
999120000
999121000
999122000
999123000
999124000
999125000
999126000
999127000
999128000
999129000
999130000
999131000
999132000
999133000
999134000
999135000
999136000
999137000
999138000
999139000
999140000
999141000
999142000
999143000
999144000
999145000
999146000
999147000
999148000
999149000
999150000
999151000
999152000
999153000
999154000
999155000
999156000
999157000
999158000
999159000
999160000
999161000
999162000
999163000
999164000
999165000
999166000
999167000
999168000
999169000
999170000
999171000
999172000
999173000
999174000
999175000
999176000
999177000
999178000
999179000
999180000
999181000
999182000
999183000
999184000
999185000
999186000
999187000
999188000
999189000
999190000
999191000
999192000
999193000
999194000
999195000
999196000
999197000
999198000
999199000
999200000
999201000
999202000
999203000
999204000
999205000
999206000
999207000
999208000
999209000
999210000
999211000
999212000
999213000
999214000
999215000
999216000
999217000
999218000
999219000
999220000
999221000
999222000
999223000
999224000
999225000
999226000
999227000
999228000
999229000
999230000
999231000
999232000
999233000
999234000
999235000
999236000
999237000
999238000
999239000
999240000
999241000
999242000
999243000
999244000
999245000
999246000
999247000
999248000
999249000
999250000
999251000
999252000
999253000
999254000
999255000
999256000
999257000
999258000
999259000
999260000
999261000
999262000
999263000
999264000
999265000
999266000
999267000
999268000
999269000
999270000
999271000
999272000
999273000
999274000
999275000
999276000
999277000
999278000
999279000
999280000
999281000
999282000
999283000
999284000
999285000
999286000
999287000
999288000
999289000
999290000
999291000
999292000
999293000
999294000
999295000
999296000
999297000
999298000
999299000
999300000
999301000
999302000
999303000
999304000
999305000
999306000
999307000
999308000
999309000
999310000
999311000
999312000
999313000
999314000
999315000
999316000
999317000
999318000
999319000
999320000
999321000
999322000
999323000
999324000
999325000
999326000
999327000
999328000
999329000
999330000
999331000
999332000
999333000
999334000
999335000
999336000
999337000
999338000
999339000
999340000
999341000
999342000
999343000
999344000
999345000
999346000
999347000
999348000
999349000
999350000
999351000
999352000
999353000
999354000
999355000
999356000
999357000
999358000
999359000
999360000
999361000
999362000
999363000
999364000
999365000
999366000
999367000
999368000
999369000
999370000
999371000
999372000
999373000
999374000
999375000
999376000
999377000
999378000
999379000
999380000
999381000
999382000
999383000
999384000
999385000
999386000
999387000
999388000
999389000
999390000
999391000
999392000
999393000
999394000
999395000
999396000
999397000
999398000
999399000
999400000
999401000
999402000
999403000
999404000
999405000
999406000
999407000
999408000
999409000
999410000
999411000
999412000
999413000
999414000
999415000
999416000
999417000
999418000
999419000
999420000
999421000
999422000
999423000
999424000
999425000
999426000
999427000
999428000
999429000
999430000
999431000
999432000
999433000
999434000
999435000
999436000
999437000
999438000
999439000
999440000
999441000
999442000
999443000
999444000
999445000
999446000
999447000
999448000
999449000
999450000
999451000
999452000
999453000
999454000
999455000
999456000
999457000
999458000
999459000
999460000
999461000
999462000
999463000
999464000
999465000
999466000
999467000
999468000
999469000
999470000
999471000
999472000
999473000
999474000
999475000
999476000
999477000
999478000
999479000
999480000
999481000
999482000
999483000
999484000
999485000
999486000
999487000
999488000
999489000
999490000
999491000
999492000
999493000
999494000
999495000
999496000
999497000
999498000
999499000
999500000
999501000
999502000
999503000
999504000
999505000
999506000
999507000
999508000
999509000
999510000
999511000
999512000
999513000
999514000
999515000
999516000
999517000
999518000
999519000
999520000
999521000
999522000
999523000
999524000
999525000
999526000
999527000
999528000
999529000
999530000
999531000
999532000
999533000
999534000
999535000
999536000
999537000
999538000
999539000
999540000
999541000
999542000
999543000
999544000
999545000
999546000
999547000
999548000
999549000
999550000
999551000
999552000
999553000
999554000
999555000
999556000
999557000
999558000
999559000
999560000
999561000
999562000
999563000
999564000
999565000
999566000
999567000
999568000
999569000
999570000
999571000
999572000
999573000
999574000
999575000
999576000
999577000
999578000
999579000
999580000
999581000
999582000
999583000
999584000
999585000
999586000
999587000
999588000
999589000
999590000
999591000
999592000
999593000
999594000
999595000
999596000
999597000
999598000
999599000
999600000
999601000
999602000
999603000
999604000
999605000
999606000
999607000
999608000
999609000
999610000
999611000
999612000
999613000
999614000
999615000
999616000
999617000
999618000
999619000
999620000
999621000
999622000
999623000
999624000
999625000
999626000
999627000
999628000
999629000
999630000
999631000
999632000
999633000
999634000
999635000
999636000
999637000
999638000
999639000
999640000
999641000
999642000
999643000
999644000
999645000
999646000
999647000
999648000
999649000
999650000
999651000
999652000
999653000
999654000
999655000
999656000
999657000
999658000
999659000
999660000
999661000
999662000
999663000
999664000
999665000
999666000
999667000
999668000
999669000
999670000
999671000
999672000
999673000
999674000
999675000
999676000
999677000
999678000
999679000
999680000
999681000
999682000
999683000
999684000
999685000
999686000
999687000
999688000
999689000
999690000
999691000
999692000
999693000
999694000
999695000
999696000
999697000
999698000
999699000
999700000
999701000
999702000
999703000
999704000
999705000
999706000
999707000
999708000
999709000
999710000
999711000
999712000
999713000
999714000
999715000
999716000
999717000
999718000
999719000
999720000
999721000
999722000
999723000
999724000
999725000
999726000
999727000
999728000
999729000
999730000
999731000
999732000
999733000
999734000
999735000
999736000
999737000
999738000
999739000
999740000
999741000
999742000
999743000
999744000
999745000
999746000
999747000
999748000
999749000
999750000
999751000
999752000
999753000
999754000
999755000
999756000
999757000
999758000
999759000
999760000
999761000
999762000
999763000
999764000
999765000
999766000
999767000
999768000
999769000
999770000
999771000
999772000
999773000
999774000
999775000
999776000
999777000
999778000
999779000
999780000
999781000
999782000
999783000
999784000
999785000
999786000
999787000
999788000
999789000
999790000
999791000
999792000
999793000
999794000
999795000
999796000
999797000
999798000
999799000
999800000
999801000
999802000
999803000
999804000
999805000
999806000
999807000
999808000
999809000
999810000
999811000
999812000
999813000
999814000
999815000
999816000
999817000
999818000
999819000
999820000
999821000
999822000
999823000
999824000
999825000
999826000
999827000
999828000
999829000
999830000
999831000
999832000
999833000
999834000
999835000
999836000
999837000
999838000
999839000
999840000
999841000
999842000
999843000
999844000
999845000
999846000
999847000
999848000
999849000
999850000
999851000
999852000
999853000
999854000
999855000
999856000
999857000
999858000
999859000
999860000
999861000
999862000
999863000
999864000
999865000
999866000
999867000
999868000
999869000
999870000
999871000
999872000
999873000
999874000
999875000
999876000
999877000
999878000
999879000
999880000
999881000
999882000
999883000
999884000
999885000
999886000
999887000
999888000
999889000
999890000
999891000
999892000
999893000
999894000
999895000
999896000
999897000
999898000
999899000
999900000
999901000
999902000
999903000
999904000
999905000
999906000
999907000
999908000
999909000
999910000
999911000
999912000
999913000
999914000
999915000
999916000
999917000
999918000
999919000
999920000
999921000
999922000
999923000
999924000
999925000
999926000
999927000
999928000
999929000
999930000
999931000
999932000
999933000
999934000
999935000
999936000
999937000
999938000
999939000
999940000
999941000
999942000
999943000
999944000
999945000
999946000
999947000
999948000
999949000
999950000
999951000
999952000
999953000
999954000
999955000
999956000
999957000
999958000
999959000
999960000
999961000
999962000
999963000
999964000
999965000
999966000
999967000
999968000
999969000
999970000
999971000
999972000
999973000
999974000
999975000
999976000
999977000
999978000
999979000
999980000
999981000
999982000
999983000
999984000
999985000
999986000
999987000
999988000
999989000
999990000
999991000
999992000
999993000
999994000
999995000
999996000
999997000
999998000
999999000
