5000
995000 1000
995001 1000
995002 1000
995003 1000
995004 1000
995005 1000
995006 1000
995007 1000
995008 1000
995009 1000
995010 1000
995011 1000
995012 1000
995013 1000
995014 1000
995015 1000
995016 1000
995017 1000
995018 1000
995019 1000
995020 1000
995021 1000
995022 1000
995023 1000
995024 1000
995025 1000
995026 1000
995027 1000
995028 1000
995029 1000
995030 1000
995031 1000
995032 1000
995033 1000
995034 1000
995035 1000
995036 1000
995037 1000
995038 1000
995039 1000
995040 1000
995041 1000
995042 1000
995043 1000
995044 1000
995045 1000
995046 1000
995047 1000
995048 1000
995049 1000
995050 1000
995051 1000
995052 1000
995053 1000
995054 1000
995055 1000
995056 1000
995057 1000
995058 1000
995059 1000
995060 1000
995061 1000
995062 1000
995063 1000
995064 1000
995065 1000
995066 1000
995067 1000
995068 1000
995069 1000
995070 1000
995071 1000
995072 1000
995073 1000
995074 1000
995075 1000
995076 1000
995077 1000
995078 1000
995079 1000
995080 1000
995081 1000
995082 1000
995083 1000
995084 1000
995085 1000
995086 1000
995087 1000
995088 1000
995089 1000
995090 1000
995091 1000
995092 1000
995093 1000
995094 1000
995095 1000
995096 1000
995097 1000
995098 1000
995099 1000
995100 1000
995101 1000
995102 1000
995103 1000
995104 1000
995105 1000
995106 1000
995107 1000
995108 1000
995109 1000
995110 1000
995111 1000
995112 1000
995113 1000
995114 1000
995115 1000
995116 1000
995117 1000
995118 1000
995119 1000
995120 1000
995121 1000
995122 1000
995123 1000
995124 1000
995125 1000
995126 1000
995127 1000
995128 1000
995129 1000
995130 1000
995131 1000
995132 1000
995133 1000
995134 1000
995135 1000
995136 1000
995137 1000
995138 1000
995139 1000
995140 1000
995141 1000
995142 1000
995143 1000
995144 1000
995145 1000
995146 1000
995147 1000
995148 1000
995149 1000
995150 1000
995151 1000
995152 1000
995153 1000
995154 1000
995155 1000
995156 1000
995157 1000
995158 1000
995159 1000
995160 1000
995161 1000
995162 1000
995163 1000
995164 1000
995165 1000
995166 1000
995167 1000
995168 1000
995169 1000
995170 1000
995171 1000
995172 1000
995173 1000
995174 1000
995175 1000
995176 1000
995177 1000
995178 1000
995179 1000
995180 1000
995181 1000
995182 1000
995183 1000
995184 1000
995185 1000
995186 1000
995187 1000
995188 1000
995189 1000
995190 1000
995191 1000
995192 1000
995193 1000
995194 1000
995195 1000
995196 1000
995197 1000
995198 1000
995199 1000
995200 1000
995201 1000
995202 1000
995203 1000
995204 1000
995205 1000
995206 1000
995207 1000
995208 1000
995209 1000
995210 1000
995211 1000
995212 1000
995213 1000
995214 1000
995215 1000
995216 1000
995217 1000
995218 1000
995219 1000
995220 1000
995221 1000
995222 1000
995223 1000
995224 1000
995225 1000
995226 1000
995227 1000
995228 1000
995229 1000
995230 1000
995231 1000
995232 1000
995233 1000
995234 1000
995235 1000
995236 1000
995237 1000
995238 1000
995239 1000
995240 1000
995241 1000
995242 1000
995243 1000
995244 1000
995245 1000
995246 1000
995247 1000
995248 1000
995249 1000
995250 1000
995251 1000
995252 1000
995253 1000
995254 1000
995255 1000
995256 1000
995257 1000
995258 1000
995259 1000
995260 1000
995261 1000
995262 1000
995263 1000
995264 1000
995265 1000
995266 1000
995267 1000
995268 1000
995269 1000
995270 1000
995271 1000
995272 1000
995273 1000
995274 1000
995275 1000
995276 1000
995277 1000
995278 1000
995279 1000
995280 1000
995281 1000
995282 1000
995283 1000
995284 1000
995285 1000
995286 1000
995287 1000
995288 1000
995289 1000
995290 1000
995291 1000
995292 1000
995293 1000
995294 1000
995295 1000
995296 1000
995297 1000
995298 1000
995299 1000
995300 1000
995301 1000
995302 1000
995303 1000
995304 1000
995305 1000
995306 1000
995307 1000
995308 1000
995309 1000
995310 1000
995311 1000
995312 1000
995313 1000
995314 1000
995315 1000
995316 1000
995317 1000
995318 1000
995319 1000
995320 1000
995321 1000
995322 1000
995323 1000
995324 1000
995325 1000
995326 1000
995327 1000
995328 1000
995329 1000
995330 1000
995331 1000
995332 1000
995333 1000
995334 1000
995335 1000
995336 1000
995337 1000
995338 1000
995339 1000
995340 1000
995341 1000
995342 1000
995343 1000
995344 1000
995345 1000
995346 1000
995347 1000
995348 1000
995349 1000
995350 1000
995351 1000
995352 1000
995353 1000
995354 1000
995355 1000
995356 1000
995357 1000
995358 1000
995359 1000
995360 1000
995361 1000
995362 1000
995363 1000
995364 1000
995365 1000
995366 1000
995367 1000
995368 1000
995369 1000
995370 1000
995371 1000
995372 1000
995373 1000
995374 1000
995375 1000
995376 1000
995377 1000
995378 1000
995379 1000
995380 1000
995381 1000
995382 1000
995383 1000
995384 1000
995385 1000
995386 1000
995387 1000
995388 1000
995389 1000
995390 1000
995391 1000
995392 1000
995393 1000
995394 1000
995395 1000
995396 1000
995397 1000
995398 1000
995399 1000
995400 1000
995401 1000
995402 1000
995403 1000
995404 1000
995405 1000
995406 1000
995407 1000
995408 1000
995409 1000
995410 1000
995411 1000
995412 1000
995413 1000
995414 1000
995415 1000
995416 1000
995417 1000
995418 1000
995419 1000
995420 1000
995421 1000
995422 1000
995423 1000
995424 1000
995425 1000
995426 1000
995427 1000
995428 1000
995429 1000
995430 1000
995431 1000
995432 1000
995433 1000
995434 1000
995435 1000
995436 1000
995437 1000
995438 1000
995439 1000
995440 1000
995441 1000
995442 1000
995443 1000
995444 1000
995445 1000
995446 1000
995447 1000
995448 1000
995449 1000
995450 1000
995451 1000
995452 1000
995453 1000
995454 1000
995455 1000
995456 1000
995457 1000
995458 1000
995459 1000
995460 1000
995461 1000
995462 1000
995463 1000
995464 1000
995465 1000
995466 1000
995467 1000
995468 1000
995469 1000
995470 1000
995471 1000
995472 1000
995473 1000
995474 1000
995475 1000
995476 1000
995477 1000
995478 1000
995479 1000
995480 1000
995481 1000
995482 1000
995483 1000
995484 1000
995485 1000
995486 1000
995487 1000
995488 1000
995489 1000
995490 1000
995491 1000
995492 1000
995493 1000
995494 1000
995495 1000
995496 1000
995497 1000
995498 1000
995499 1000
995500 1000
995501 1000
995502 1000
995503 1000
995504 1000
995505 1000
995506 1000
995507 1000
995508 1000
995509 1000
995510 1000
995511 1000
995512 1000
995513 1000
995514 1000
995515 1000
995516 1000
995517 1000
995518 1000
995519 1000
995520 1000
995521 1000
995522 1000
995523 1000
995524 1000
995525 1000
995526 1000
995527 1000
995528 1000
995529 1000
995530 1000
995531 1000
995532 1000
995533 1000
995534 1000
995535 1000
995536 1000
995537 1000
995538 1000
995539 1000
995540 1000
995541 1000
995542 1000
995543 1000
995544 1000
995545 1000
995546 1000
995547 1000
995548 1000
995549 1000
995550 1000
995551 1000
995552 1000
995553 1000
995554 1000
995555 1000
995556 1000
995557 1000
995558 1000
995559 1000
995560 1000
995561 1000
995562 1000
995563 1000
995564 1000
995565 1000
995566 1000
995567 1000
995568 1000
995569 1000
995570 1000
995571 1000
995572 1000
995573 1000
995574 1000
995575 1000
995576 1000
995577 1000
995578 1000
995579 1000
995580 1000
995581 1000
995582 1000
995583 1000
995584 1000
995585 1000
995586 1000
995587 1000
995588 1000
995589 1000
995590 1000
995591 1000
995592 1000
995593 1000
995594 1000
995595 1000
995596 1000
995597 1000
995598 1000
995599 1000
995600 1000
995601 1000
995602 1000
995603 1000
995604 1000
995605 1000
995606 1000
995607 1000
995608 1000
995609 1000
995610 1000
995611 1000
995612 1000
995613 1000
995614 1000
995615 1000
995616 1000
995617 1000
995618 1000
995619 1000
995620 1000
995621 1000
995622 1000
995623 1000
995624 1000
995625 1000
995626 1000
995627 1000
995628 1000
995629 1000
995630 1000
995631 1000
995632 1000
995633 1000
995634 1000
995635 1000
995636 1000
995637 1000
995638 1000
995639 1000
995640 1000
995641 1000
995642 1000
995643 1000
995644 1000
995645 1000
995646 1000
995647 1000
995648 1000
995649 1000
995650 1000
995651 1000
995652 1000
995653 1000
995654 1000
995655 1000
995656 1000
995657 1000
995658 1000
995659 1000
995660 1000
995661 1000
995662 1000
995663 1000
995664 1000
995665 1000
995666 1000
995667 1000
995668 1000
995669 1000
995670 1000
995671 1000
995672 1000
995673 1000
995674 1000
995675 1000
995676 1000
995677 1000
995678 1000
995679 1000
995680 1000
995681 1000
995682 1000
995683 1000
995684 1000
995685 1000
995686 1000
995687 1000
995688 1000
995689 1000
995690 1000
995691 1000
995692 1000
995693 1000
995694 1000
995695 1000
995696 1000
995697 1000
995698 1000
995699 1000
995700 1000
995701 1000
995702 1000
995703 1000
995704 1000
995705 1000
995706 1000
995707 1000
995708 1000
995709 1000
995710 1000
995711 1000
995712 1000
995713 1000
995714 1000
995715 1000
995716 1000
995717 1000
995718 1000
995719 1000
995720 1000
995721 1000
995722 1000
995723 1000
995724 1000
995725 1000
995726 1000
995727 1000
995728 1000
995729 1000
995730 1000
995731 1000
995732 1000
995733 1000
995734 1000
995735 1000
995736 1000
995737 1000
995738 1000
995739 1000
995740 1000
995741 1000
995742 1000
995743 1000
995744 1000
995745 1000
995746 1000
995747 1000
995748 1000
995749 1000
995750 1000
995751 1000
995752 1000
995753 1000
995754 1000
995755 1000
995756 1000
995757 1000
995758 1000
995759 1000
995760 1000
995761 1000
995762 1000
995763 1000
995764 1000
995765 1000
995766 1000
995767 1000
995768 1000
995769 1000
995770 1000
995771 1000
995772 1000
995773 1000
995774 1000
995775 1000
995776 1000
995777 1000
995778 1000
995779 1000
995780 1000
995781 1000
995782 1000
995783 1000
995784 1000
995785 1000
995786 1000
995787 1000
995788 1000
995789 1000
995790 1000
995791 1000
995792 1000
995793 1000
995794 1000
995795 1000
995796 1000
995797 1000
995798 1000
995799 1000
995800 1000
995801 1000
995802 1000
995803 1000
995804 1000
995805 1000
995806 1000
995807 1000
995808 1000
995809 1000
995810 1000
995811 1000
995812 1000
995813 1000
995814 1000
995815 1000
995816 1000
995817 1000
995818 1000
995819 1000
995820 1000
995821 1000
995822 1000
995823 1000
995824 1000
995825 1000
995826 1000
995827 1000
995828 1000
995829 1000
995830 1000
995831 1000
995832 1000
995833 1000
995834 1000
995835 1000
995836 1000
995837 1000
995838 1000
995839 1000
995840 1000
995841 1000
995842 1000
995843 1000
995844 1000
995845 1000
995846 1000
995847 1000
995848 1000
995849 1000
995850 1000
995851 1000
995852 1000
995853 1000
995854 1000
995855 1000
995856 1000
995857 1000
995858 1000
995859 1000
995860 1000
995861 1000
995862 1000
995863 1000
995864 1000
995865 1000
995866 1000
995867 1000
995868 1000
995869 1000
995870 1000
995871 1000
995872 1000
995873 1000
995874 1000
995875 1000
995876 1000
995877 1000
995878 1000
995879 1000
995880 1000
995881 1000
995882 1000
995883 1000
995884 1000
995885 1000
995886 1000
995887 1000
995888 1000
995889 1000
995890 1000
995891 1000
995892 1000
995893 1000
995894 1000
995895 1000
995896 1000
995897 1000
995898 1000
995899 1000
995900 1000
995901 1000
995902 1000
995903 1000
995904 1000
995905 1000
995906 1000
995907 1000
995908 1000
995909 1000
995910 1000
995911 1000
995912 1000
995913 1000
995914 1000
995915 1000
995916 1000
995917 1000
995918 1000
995919 1000
995920 1000
995921 1000
995922 1000
995923 1000
995924 1000
995925 1000
995926 1000
995927 1000
995928 1000
995929 1000
995930 1000
995931 1000
995932 1000
995933 1000
995934 1000
995935 1000
995936 1000
995937 1000
995938 1000
995939 1000
995940 1000
995941 1000
995942 1000
995943 1000
995944 1000
995945 1000
995946 1000
995947 1000
995948 1000
995949 1000
995950 1000
995951 1000
995952 1000
995953 1000
995954 1000
995955 1000
995956 1000
995957 1000
995958 1000
995959 1000
995960 1000
995961 1000
995962 1000
995963 1000
995964 1000
995965 1000
995966 1000
995967 1000
995968 1000
995969 1000
995970 1000
995971 1000
995972 1000
995973 1000
995974 1000
995975 1000
995976 1000
995977 1000
995978 1000
995979 1000
995980 1000
995981 1000
995982 1000
995983 1000
995984 1000
995985 1000
995986 1000
995987 1000
995988 1000
995989 1000
995990 1000
995991 1000
995992 1000
995993 1000
995994 1000
995995 1000
995996 1000
995997 1000
995998 1000
995999 1000
996000 1000
996001 1000
996002 1000
996003 1000
996004 1000
996005 1000
996006 1000
996007 1000
996008 1000
996009 1000
996010 1000
996011 1000
996012 1000
996013 1000
996014 1000
996015 1000
996016 1000
996017 1000
996018 1000
996019 1000
996020 1000
996021 1000
996022 1000
996023 1000
996024 1000
996025 1000
996026 1000
996027 1000
996028 1000
996029 1000
996030 1000
996031 1000
996032 1000
996033 1000
996034 1000
996035 1000
996036 1000
996037 1000
996038 1000
996039 1000
996040 1000
996041 1000
996042 1000
996043 1000
996044 1000
996045 1000
996046 1000
996047 1000
996048 1000
996049 1000
996050 1000
996051 1000
996052 1000
996053 1000
996054 1000
996055 1000
996056 1000
996057 1000
996058 1000
996059 1000
996060 1000
996061 1000
996062 1000
996063 1000
996064 1000
996065 1000
996066 1000
996067 1000
996068 1000
996069 1000
996070 1000
996071 1000
996072 1000
996073 1000
996074 1000
996075 1000
996076 1000
996077 1000
996078 1000
996079 1000
996080 1000
996081 1000
996082 1000
996083 1000
996084 1000
996085 1000
996086 1000
996087 1000
996088 1000
996089 1000
996090 1000
996091 1000
996092 1000
996093 1000
996094 1000
996095 1000
996096 1000
996097 1000
996098 1000
996099 1000
996100 1000
996101 1000
996102 1000
996103 1000
996104 1000
996105 1000
996106 1000
996107 1000
996108 1000
996109 1000
996110 1000
996111 1000
996112 1000
996113 1000
996114 1000
996115 1000
996116 1000
996117 1000
996118 1000
996119 1000
996120 1000
996121 1000
996122 1000
996123 1000
996124 1000
996125 1000
996126 1000
996127 1000
996128 1000
996129 1000
996130 1000
996131 1000
996132 1000
996133 1000
996134 1000
996135 1000
996136 1000
996137 1000
996138 1000
996139 1000
996140 1000
996141 1000
996142 1000
996143 1000
996144 1000
996145 1000
996146 1000
996147 1000
996148 1000
996149 1000
996150 1000
996151 1000
996152 1000
996153 1000
996154 1000
996155 1000
996156 1000
996157 1000
996158 1000
996159 1000
996160 1000
996161 1000
996162 1000
996163 1000
996164 1000
996165 1000
996166 1000
996167 1000
996168 1000
996169 1000
996170 1000
996171 1000
996172 1000
996173 1000
996174 1000
996175 1000
996176 1000
996177 1000
996178 1000
996179 1000
996180 1000
996181 1000
996182 1000
996183 1000
996184 1000
996185 1000
996186 1000
996187 1000
996188 1000
996189 1000
996190 1000
996191 1000
996192 1000
996193 1000
996194 1000
996195 1000
996196 1000
996197 1000
996198 1000
996199 1000
996200 1000
996201 1000
996202 1000
996203 1000
996204 1000
996205 1000
996206 1000
996207 1000
996208 1000
996209 1000
996210 1000
996211 1000
996212 1000
996213 1000
996214 1000
996215 1000
996216 1000
996217 1000
996218 1000
996219 1000
996220 1000
996221 1000
996222 1000
996223 1000
996224 1000
996225 1000
996226 1000
996227 1000
996228 1000
996229 1000
996230 1000
996231 1000
996232 1000
996233 1000
996234 1000
996235 1000
996236 1000
996237 1000
996238 1000
996239 1000
996240 1000
996241 1000
996242 1000
996243 1000
996244 1000
996245 1000
996246 1000
996247 1000
996248 1000
996249 1000
996250 1000
996251 1000
996252 1000
996253 1000
996254 1000
996255 1000
996256 1000
996257 1000
996258 1000
996259 1000
996260 1000
996261 1000
996262 1000
996263 1000
996264 1000
996265 1000
996266 1000
996267 1000
996268 1000
996269 1000
996270 1000
996271 1000
996272 1000
996273 1000
996274 1000
996275 1000
996276 1000
996277 1000
996278 1000
996279 1000
996280 1000
996281 1000
996282 1000
996283 1000
996284 1000
996285 1000
996286 1000
996287 1000
996288 1000
996289 1000
996290 1000
996291 1000
996292 1000
996293 1000
996294 1000
996295 1000
996296 1000
996297 1000
996298 1000
996299 1000
996300 1000
996301 1000
996302 1000
996303 1000
996304 1000
996305 1000
996306 1000
996307 1000
996308 1000
996309 1000
996310 1000
996311 1000
996312 1000
996313 1000
996314 1000
996315 1000
996316 1000
996317 1000
996318 1000
996319 1000
996320 1000
996321 1000
996322 1000
996323 1000
996324 1000
996325 1000
996326 1000
996327 1000
996328 1000
996329 1000
996330 1000
996331 1000
996332 1000
996333 1000
996334 1000
996335 1000
996336 1000
996337 1000
996338 1000
996339 1000
996340 1000
996341 1000
996342 1000
996343 1000
996344 1000
996345 1000
996346 1000
996347 1000
996348 1000
996349 1000
996350 1000
996351 1000
996352 1000
996353 1000
996354 1000
996355 1000
996356 1000
996357 1000
996358 1000
996359 1000
996360 1000
996361 1000
996362 1000
996363 1000
996364 1000
996365 1000
996366 1000
996367 1000
996368 1000
996369 1000
996370 1000
996371 1000
996372 1000
996373 1000
996374 1000
996375 1000
996376 1000
996377 1000
996378 1000
996379 1000
996380 1000
996381 1000
996382 1000
996383 1000
996384 1000
996385 1000
996386 1000
996387 1000
996388 1000
996389 1000
996390 1000
996391 1000
996392 1000
996393 1000
996394 1000
996395 1000
996396 1000
996397 1000
996398 1000
996399 1000
996400 1000
996401 1000
996402 1000
996403 1000
996404 1000
996405 1000
996406 1000
996407 1000
996408 1000
996409 1000
996410 1000
996411 1000
996412 1000
996413 1000
996414 1000
996415 1000
996416 1000
996417 1000
996418 1000
996419 1000
996420 1000
996421 1000
996422 1000
996423 1000
996424 1000
996425 1000
996426 1000
996427 1000
996428 1000
996429 1000
996430 1000
996431 1000
996432 1000
996433 1000
996434 1000
996435 1000
996436 1000
996437 1000
996438 1000
996439 1000
996440 1000
996441 1000
996442 1000
996443 1000
996444 1000
996445 1000
996446 1000
996447 1000
996448 1000
996449 1000
996450 1000
996451 1000
996452 1000
996453 1000
996454 1000
996455 1000
996456 1000
996457 1000
996458 1000
996459 1000
996460 1000
996461 1000
996462 1000
996463 1000
996464 1000
996465 1000
996466 1000
996467 1000
996468 1000
996469 1000
996470 1000
996471 1000
996472 1000
996473 1000
996474 1000
996475 1000
996476 1000
996477 1000
996478 1000
996479 1000
996480 1000
996481 1000
996482 1000
996483 1000
996484 1000
996485 1000
996486 1000
996487 1000
996488 1000
996489 1000
996490 1000
996491 1000
996492 1000
996493 1000
996494 1000
996495 1000
996496 1000
996497 1000
996498 1000
996499 1000
996500 1000
996501 1000
996502 1000
996503 1000
996504 1000
996505 1000
996506 1000
996507 1000
996508 1000
996509 1000
996510 1000
996511 1000
996512 1000
996513 1000
996514 1000
996515 1000
996516 1000
996517 1000
996518 1000
996519 1000
996520 1000
996521 1000
996522 1000
996523 1000
996524 1000
996525 1000
996526 1000
996527 1000
996528 1000
996529 1000
996530 1000
996531 1000
996532 1000
996533 1000
996534 1000
996535 1000
996536 1000
996537 1000
996538 1000
996539 1000
996540 1000
996541 1000
996542 1000
996543 1000
996544 1000
996545 1000
996546 1000
996547 1000
996548 1000
996549 1000
996550 1000
996551 1000
996552 1000
996553 1000
996554 1000
996555 1000
996556 1000
996557 1000
996558 1000
996559 1000
996560 1000
996561 1000
996562 1000
996563 1000
996564 1000
996565 1000
996566 1000
996567 1000
996568 1000
996569 1000
996570 1000
996571 1000
996572 1000
996573 1000
996574 1000
996575 1000
996576 1000
996577 1000
996578 1000
996579 1000
996580 1000
996581 1000
996582 1000
996583 1000
996584 1000
996585 1000
996586 1000
996587 1000
996588 1000
996589 1000
996590 1000
996591 1000
996592 1000
996593 1000
996594 1000
996595 1000
996596 1000
996597 1000
996598 1000
996599 1000
996600 1000
996601 1000
996602 1000
996603 1000
996604 1000
996605 1000
996606 1000
996607 1000
996608 1000
996609 1000
996610 1000
996611 1000
996612 1000
996613 1000
996614 1000
996615 1000
996616 1000
996617 1000
996618 1000
996619 1000
996620 1000
996621 1000
996622 1000
996623 1000
996624 1000
996625 1000
996626 1000
996627 1000
996628 1000
996629 1000
996630 1000
996631 1000
996632 1000
996633 1000
996634 1000
996635 1000
996636 1000
996637 1000
996638 1000
996639 1000
996640 1000
996641 1000
996642 1000
996643 1000
996644 1000
996645 1000
996646 1000
996647 1000
996648 1000
996649 1000
996650 1000
996651 1000
996652 1000
996653 1000
996654 1000
996655 1000
996656 1000
996657 1000
996658 1000
996659 1000
996660 1000
996661 1000
996662 1000
996663 1000
996664 1000
996665 1000
996666 1000
996667 1000
996668 1000
996669 1000
996670 1000
996671 1000
996672 1000
996673 1000
996674 1000
996675 1000
996676 1000
996677 1000
996678 1000
996679 1000
996680 1000
996681 1000
996682 1000
996683 1000
996684 1000
996685 1000
996686 1000
996687 1000
996688 1000
996689 1000
996690 1000
996691 1000
996692 1000
996693 1000
996694 1000
996695 1000
996696 1000
996697 1000
996698 1000
996699 1000
996700 1000
996701 1000
996702 1000
996703 1000
996704 1000
996705 1000
996706 1000
996707 1000
996708 1000
996709 1000
996710 1000
996711 1000
996712 1000
996713 1000
996714 1000
996715 1000
996716 1000
996717 1000
996718 1000
996719 1000
996720 1000
996721 1000
996722 1000
996723 1000
996724 1000
996725 1000
996726 1000
996727 1000
996728 1000
996729 1000
996730 1000
996731 1000
996732 1000
996733 1000
996734 1000
996735 1000
996736 1000
996737 1000
996738 1000
996739 1000
996740 1000
996741 1000
996742 1000
996743 1000
996744 1000
996745 1000
996746 1000
996747 1000
996748 1000
996749 1000
996750 1000
996751 1000
996752 1000
996753 1000
996754 1000
996755 1000
996756 1000
996757 1000
996758 1000
996759 1000
996760 1000
996761 1000
996762 1000
996763 1000
996764 1000
996765 1000
996766 1000
996767 1000
996768 1000
996769 1000
996770 1000
996771 1000
996772 1000
996773 1000
996774 1000
996775 1000
996776 1000
996777 1000
996778 1000
996779 1000
996780 1000
996781 1000
996782 1000
996783 1000
996784 1000
996785 1000
996786 1000
996787 1000
996788 1000
996789 1000
996790 1000
996791 1000
996792 1000
996793 1000
996794 1000
996795 1000
996796 1000
996797 1000
996798 1000
996799 1000
996800 1000
996801 1000
996802 1000
996803 1000
996804 1000
996805 1000
996806 1000
996807 1000
996808 1000
996809 1000
996810 1000
996811 1000
996812 1000
996813 1000
996814 1000
996815 1000
996816 1000
996817 1000
996818 1000
996819 1000
996820 1000
996821 1000
996822 1000
996823 1000
996824 1000
996825 1000
996826 1000
996827 1000
996828 1000
996829 1000
996830 1000
996831 1000
996832 1000
996833 1000
996834 1000
996835 1000
996836 1000
996837 1000
996838 1000
996839 1000
996840 1000
996841 1000
996842 1000
996843 1000
996844 1000
996845 1000
996846 1000
996847 1000
996848 1000
996849 1000
996850 1000
996851 1000
996852 1000
996853 1000
996854 1000
996855 1000
996856 1000
996857 1000
996858 1000
996859 1000
996860 1000
996861 1000
996862 1000
996863 1000
996864 1000
996865 1000
996866 1000
996867 1000
996868 1000
996869 1000
996870 1000
996871 1000
996872 1000
996873 1000
996874 1000
996875 1000
996876 1000
996877 1000
996878 1000
996879 1000
996880 1000
996881 1000
996882 1000
996883 1000
996884 1000
996885 1000
996886 1000
996887 1000
996888 1000
996889 1000
996890 1000
996891 1000
996892 1000
996893 1000
996894 1000
996895 1000
996896 1000
996897 1000
996898 1000
996899 1000
996900 1000
996901 1000
996902 1000
996903 1000
996904 1000
996905 1000
996906 1000
996907 1000
996908 1000
996909 1000
996910 1000
996911 1000
996912 1000
996913 1000
996914 1000
996915 1000
996916 1000
996917 1000
996918 1000
996919 1000
996920 1000
996921 1000
996922 1000
996923 1000
996924 1000
996925 1000
996926 1000
996927 1000
996928 1000
996929 1000
996930 1000
996931 1000
996932 1000
996933 1000
996934 1000
996935 1000
996936 1000
996937 1000
996938 1000
996939 1000
996940 1000
996941 1000
996942 1000
996943 1000
996944 1000
996945 1000
996946 1000
996947 1000
996948 1000
996949 1000
996950 1000
996951 1000
996952 1000
996953 1000
996954 1000
996955 1000
996956 1000
996957 1000
996958 1000
996959 1000
996960 1000
996961 1000
996962 1000
996963 1000
996964 1000
996965 1000
996966 1000
996967 1000
996968 1000
996969 1000
996970 1000
996971 1000
996972 1000
996973 1000
996974 1000
996975 1000
996976 1000
996977 1000
996978 1000
996979 1000
996980 1000
996981 1000
996982 1000
996983 1000
996984 1000
996985 1000
996986 1000
996987 1000
996988 1000
996989 1000
996990 1000
996991 1000
996992 1000
996993 1000
996994 1000
996995 1000
996996 1000
996997 1000
996998 1000
996999 1000
997000 1000
997001 1000
997002 1000
997003 1000
997004 1000
997005 1000
997006 1000
997007 1000
997008 1000
997009 1000
997010 1000
997011 1000
997012 1000
997013 1000
997014 1000
997015 1000
997016 1000
997017 1000
997018 1000
997019 1000
997020 1000
997021 1000
997022 1000
997023 1000
997024 1000
997025 1000
997026 1000
997027 1000
997028 1000
997029 1000
997030 1000
997031 1000
997032 1000
997033 1000
997034 1000
997035 1000
997036 1000
997037 1000
997038 1000
997039 1000
997040 1000
997041 1000
997042 1000
997043 1000
997044 1000
997045 1000
997046 1000
997047 1000
997048 1000
997049 1000
997050 1000
997051 1000
997052 1000
997053 1000
997054 1000
997055 1000
997056 1000
997057 1000
997058 1000
997059 1000
997060 1000
997061 1000
997062 1000
997063 1000
997064 1000
997065 1000
997066 1000
997067 1000
997068 1000
997069 1000
997070 1000
997071 1000
997072 1000
997073 1000
997074 1000
997075 1000
997076 1000
997077 1000
997078 1000
997079 1000
997080 1000
997081 1000
997082 1000
997083 1000
997084 1000
997085 1000
997086 1000
997087 1000
997088 1000
997089 1000
997090 1000
997091 1000
997092 1000
997093 1000
997094 1000
997095 1000
997096 1000
997097 1000
997098 1000
997099 1000
997100 1000
997101 1000
997102 1000
997103 1000
997104 1000
997105 1000
997106 1000
997107 1000
997108 1000
997109 1000
997110 1000
997111 1000
997112 1000
997113 1000
997114 1000
997115 1000
997116 1000
997117 1000
997118 1000
997119 1000
997120 1000
997121 1000
997122 1000
997123 1000
997124 1000
997125 1000
997126 1000
997127 1000
997128 1000
997129 1000
997130 1000
997131 1000
997132 1000
997133 1000
997134 1000
997135 1000
997136 1000
997137 1000
997138 1000
997139 1000
997140 1000
997141 1000
997142 1000
997143 1000
997144 1000
997145 1000
997146 1000
997147 1000
997148 1000
997149 1000
997150 1000
997151 1000
997152 1000
997153 1000
997154 1000
997155 1000
997156 1000
997157 1000
997158 1000
997159 1000
997160 1000
997161 1000
997162 1000
997163 1000
997164 1000
997165 1000
997166 1000
997167 1000
997168 1000
997169 1000
997170 1000
997171 1000
997172 1000
997173 1000
997174 1000
997175 1000
997176 1000
997177 1000
997178 1000
997179 1000
997180 1000
997181 1000
997182 1000
997183 1000
997184 1000
997185 1000
997186 1000
997187 1000
997188 1000
997189 1000
997190 1000
997191 1000
997192 1000
997193 1000
997194 1000
997195 1000
997196 1000
997197 1000
997198 1000
997199 1000
997200 1000
997201 1000
997202 1000
997203 1000
997204 1000
997205 1000
997206 1000
997207 1000
997208 1000
997209 1000
997210 1000
997211 1000
997212 1000
997213 1000
997214 1000
997215 1000
997216 1000
997217 1000
997218 1000
997219 1000
997220 1000
997221 1000
997222 1000
997223 1000
997224 1000
997225 1000
997226 1000
997227 1000
997228 1000
997229 1000
997230 1000
997231 1000
997232 1000
997233 1000
997234 1000
997235 1000
997236 1000
997237 1000
997238 1000
997239 1000
997240 1000
997241 1000
997242 1000
997243 1000
997244 1000
997245 1000
997246 1000
997247 1000
997248 1000
997249 1000
997250 1000
997251 1000
997252 1000
997253 1000
997254 1000
997255 1000
997256 1000
997257 1000
997258 1000
997259 1000
997260 1000
997261 1000
997262 1000
997263 1000
997264 1000
997265 1000
997266 1000
997267 1000
997268 1000
997269 1000
997270 1000
997271 1000
997272 1000
997273 1000
997274 1000
997275 1000
997276 1000
997277 1000
997278 1000
997279 1000
997280 1000
997281 1000
997282 1000
997283 1000
997284 1000
997285 1000
997286 1000
997287 1000
997288 1000
997289 1000
997290 1000
997291 1000
997292 1000
997293 1000
997294 1000
997295 1000
997296 1000
997297 1000
997298 1000
997299 1000
997300 1000
997301 1000
997302 1000
997303 1000
997304 1000
997305 1000
997306 1000
997307 1000
997308 1000
997309 1000
997310 1000
997311 1000
997312 1000
997313 1000
997314 1000
997315 1000
997316 1000
997317 1000
997318 1000
997319 1000
997320 1000
997321 1000
997322 1000
997323 1000
997324 1000
997325 1000
997326 1000
997327 1000
997328 1000
997329 1000
997330 1000
997331 1000
997332 1000
997333 1000
997334 1000
997335 1000
997336 1000
997337 1000
997338 1000
997339 1000
997340 1000
997341 1000
997342 1000
997343 1000
997344 1000
997345 1000
997346 1000
997347 1000
997348 1000
997349 1000
997350 1000
997351 1000
997352 1000
997353 1000
997354 1000
997355 1000
997356 1000
997357 1000
997358 1000
997359 1000
997360 1000
997361 1000
997362 1000
997363 1000
997364 1000
997365 1000
997366 1000
997367 1000
997368 1000
997369 1000
997370 1000
997371 1000
997372 1000
997373 1000
997374 1000
997375 1000
997376 1000
997377 1000
997378 1000
997379 1000
997380 1000
997381 1000
997382 1000
997383 1000
997384 1000
997385 1000
997386 1000
997387 1000
997388 1000
997389 1000
997390 1000
997391 1000
997392 1000
997393 1000
997394 1000
997395 1000
997396 1000
997397 1000
997398 1000
997399 1000
997400 1000
997401 1000
997402 1000
997403 1000
997404 1000
997405 1000
997406 1000
997407 1000
997408 1000
997409 1000
997410 1000
997411 1000
997412 1000
997413 1000
997414 1000
997415 1000
997416 1000
997417 1000
997418 1000
997419 1000
997420 1000
997421 1000
997422 1000
997423 1000
997424 1000
997425 1000
997426 1000
997427 1000
997428 1000
997429 1000
997430 1000
997431 1000
997432 1000
997433 1000
997434 1000
997435 1000
997436 1000
997437 1000
997438 1000
997439 1000
997440 1000
997441 1000
997442 1000
997443 1000
997444 1000
997445 1000
997446 1000
997447 1000
997448 1000
997449 1000
997450 1000
997451 1000
997452 1000
997453 1000
997454 1000
997455 1000
997456 1000
997457 1000
997458 1000
997459 1000
997460 1000
997461 1000
997462 1000
997463 1000
997464 1000
997465 1000
997466 1000
997467 1000
997468 1000
997469 1000
997470 1000
997471 1000
997472 1000
997473 1000
997474 1000
997475 1000
997476 1000
997477 1000
997478 1000
997479 1000
997480 1000
997481 1000
997482 1000
997483 1000
997484 1000
997485 1000
997486 1000
997487 1000
997488 1000
997489 1000
997490 1000
997491 1000
997492 1000
997493 1000
997494 1000
997495 1000
997496 1000
997497 1000
997498 1000
997499 1000
997500 1000
997501 1000
997502 1000
997503 1000
997504 1000
997505 1000
997506 1000
997507 1000
997508 1000
997509 1000
997510 1000
997511 1000
997512 1000
997513 1000
997514 1000
997515 1000
997516 1000
997517 1000
997518 1000
997519 1000
997520 1000
997521 1000
997522 1000
997523 1000
997524 1000
997525 1000
997526 1000
997527 1000
997528 1000
997529 1000
997530 1000
997531 1000
997532 1000
997533 1000
997534 1000
997535 1000
997536 1000
997537 1000
997538 1000
997539 1000
997540 1000
997541 1000
997542 1000
997543 1000
997544 1000
997545 1000
997546 1000
997547 1000
997548 1000
997549 1000
997550 1000
997551 1000
997552 1000
997553 1000
997554 1000
997555 1000
997556 1000
997557 1000
997558 1000
997559 1000
997560 1000
997561 1000
997562 1000
997563 1000
997564 1000
997565 1000
997566 1000
997567 1000
997568 1000
997569 1000
997570 1000
997571 1000
997572 1000
997573 1000
997574 1000
997575 1000
997576 1000
997577 1000
997578 1000
997579 1000
997580 1000
997581 1000
997582 1000
997583 1000
997584 1000
997585 1000
997586 1000
997587 1000
997588 1000
997589 1000
997590 1000
997591 1000
997592 1000
997593 1000
997594 1000
997595 1000
997596 1000
997597 1000
997598 1000
997599 1000
997600 1000
997601 1000
997602 1000
997603 1000
997604 1000
997605 1000
997606 1000
997607 1000
997608 1000
997609 1000
997610 1000
997611 1000
997612 1000
997613 1000
997614 1000
997615 1000
997616 1000
997617 1000
997618 1000
997619 1000
997620 1000
997621 1000
997622 1000
997623 1000
997624 1000
997625 1000
997626 1000
997627 1000
997628 1000
997629 1000
997630 1000
997631 1000
997632 1000
997633 1000
997634 1000
997635 1000
997636 1000
997637 1000
997638 1000
997639 1000
997640 1000
997641 1000
997642 1000
997643 1000
997644 1000
997645 1000
997646 1000
997647 1000
997648 1000
997649 1000
997650 1000
997651 1000
997652 1000
997653 1000
997654 1000
997655 1000
997656 1000
997657 1000
997658 1000
997659 1000
997660 1000
997661 1000
997662 1000
997663 1000
997664 1000
997665 1000
997666 1000
997667 1000
997668 1000
997669 1000
997670 1000
997671 1000
997672 1000
997673 1000
997674 1000
997675 1000
997676 1000
997677 1000
997678 1000
997679 1000
997680 1000
997681 1000
997682 1000
997683 1000
997684 1000
997685 1000
997686 1000
997687 1000
997688 1000
997689 1000
997690 1000
997691 1000
997692 1000
997693 1000
997694 1000
997695 1000
997696 1000
997697 1000
997698 1000
997699 1000
997700 1000
997701 1000
997702 1000
997703 1000
997704 1000
997705 1000
997706 1000
997707 1000
997708 1000
997709 1000
997710 1000
997711 1000
997712 1000
997713 1000
997714 1000
997715 1000
997716 1000
997717 1000
997718 1000
997719 1000
997720 1000
997721 1000
997722 1000
997723 1000
997724 1000
997725 1000
997726 1000
997727 1000
997728 1000
997729 1000
997730 1000
997731 1000
997732 1000
997733 1000
997734 1000
997735 1000
997736 1000
997737 1000
997738 1000
997739 1000
997740 1000
997741 1000
997742 1000
997743 1000
997744 1000
997745 1000
997746 1000
997747 1000
997748 1000
997749 1000
997750 1000
997751 1000
997752 1000
997753 1000
997754 1000
997755 1000
997756 1000
997757 1000
997758 1000
997759 1000
997760 1000
997761 1000
997762 1000
997763 1000
997764 1000
997765 1000
997766 1000
997767 1000
997768 1000
997769 1000
997770 1000
997771 1000
997772 1000
997773 1000
997774 1000
997775 1000
997776 1000
997777 1000
997778 1000
997779 1000
997780 1000
997781 1000
997782 1000
997783 1000
997784 1000
997785 1000
997786 1000
997787 1000
997788 1000
997789 1000
997790 1000
997791 1000
997792 1000
997793 1000
997794 1000
997795 1000
997796 1000
997797 1000
997798 1000
997799 1000
997800 1000
997801 1000
997802 1000
997803 1000
997804 1000
997805 1000
997806 1000
997807 1000
997808 1000
997809 1000
997810 1000
997811 1000
997812 1000
997813 1000
997814 1000
997815 1000
997816 1000
997817 1000
997818 1000
997819 1000
997820 1000
997821 1000
997822 1000
997823 1000
997824 1000
997825 1000
997826 1000
997827 1000
997828 1000
997829 1000
997830 1000
997831 1000
997832 1000
997833 1000
997834 1000
997835 1000
997836 1000
997837 1000
997838 1000
997839 1000
997840 1000
997841 1000
997842 1000
997843 1000
997844 1000
997845 1000
997846 1000
997847 1000
997848 1000
997849 1000
997850 1000
997851 1000
997852 1000
997853 1000
997854 1000
997855 1000
997856 1000
997857 1000
997858 1000
997859 1000
997860 1000
997861 1000
997862 1000
997863 1000
997864 1000
997865 1000
997866 1000
997867 1000
997868 1000
997869 1000
997870 1000
997871 1000
997872 1000
997873 1000
997874 1000
997875 1000
997876 1000
997877 1000
997878 1000
997879 1000
997880 1000
997881 1000
997882 1000
997883 1000
997884 1000
997885 1000
997886 1000
997887 1000
997888 1000
997889 1000
997890 1000
997891 1000
997892 1000
997893 1000
997894 1000
997895 1000
997896 1000
997897 1000
997898 1000
997899 1000
997900 1000
997901 1000
997902 1000
997903 1000
997904 1000
997905 1000
997906 1000
997907 1000
997908 1000
997909 1000
997910 1000
997911 1000
997912 1000
997913 1000
997914 1000
997915 1000
997916 1000
997917 1000
997918 1000
997919 1000
997920 1000
997921 1000
997922 1000
997923 1000
997924 1000
997925 1000
997926 1000
997927 1000
997928 1000
997929 1000
997930 1000
997931 1000
997932 1000
997933 1000
997934 1000
997935 1000
997936 1000
997937 1000
997938 1000
997939 1000
997940 1000
997941 1000
997942 1000
997943 1000
997944 1000
997945 1000
997946 1000
997947 1000
997948 1000
997949 1000
997950 1000
997951 1000
997952 1000
997953 1000
997954 1000
997955 1000
997956 1000
997957 1000
997958 1000
997959 1000
997960 1000
997961 1000
997962 1000
997963 1000
997964 1000
997965 1000
997966 1000
997967 1000
997968 1000
997969 1000
997970 1000
997971 1000
997972 1000
997973 1000
997974 1000
997975 1000
997976 1000
997977 1000
997978 1000
997979 1000
997980 1000
997981 1000
997982 1000
997983 1000
997984 1000
997985 1000
997986 1000
997987 1000
997988 1000
997989 1000
997990 1000
997991 1000
997992 1000
997993 1000
997994 1000
997995 1000
997996 1000
997997 1000
997998 1000
997999 1000
998000 1000
998001 1000
998002 1000
998003 1000
998004 1000
998005 1000
998006 1000
998007 1000
998008 1000
998009 1000
998010 1000
998011 1000
998012 1000
998013 1000
998014 1000
998015 1000
998016 1000
998017 1000
998018 1000
998019 1000
998020 1000
998021 1000
998022 1000
998023 1000
998024 1000
998025 1000
998026 1000
998027 1000
998028 1000
998029 1000
998030 1000
998031 1000
998032 1000
998033 1000
998034 1000
998035 1000
998036 1000
998037 1000
998038 1000
998039 1000
998040 1000
998041 1000
998042 1000
998043 1000
998044 1000
998045 1000
998046 1000
998047 1000
998048 1000
998049 1000
998050 1000
998051 1000
998052 1000
998053 1000
998054 1000
998055 1000
998056 1000
998057 1000
998058 1000
998059 1000
998060 1000
998061 1000
998062 1000
998063 1000
998064 1000
998065 1000
998066 1000
998067 1000
998068 1000
998069 1000
998070 1000
998071 1000
998072 1000
998073 1000
998074 1000
998075 1000
998076 1000
998077 1000
998078 1000
998079 1000
998080 1000
998081 1000
998082 1000
998083 1000
998084 1000
998085 1000
998086 1000
998087 1000
998088 1000
998089 1000
998090 1000
998091 1000
998092 1000
998093 1000
998094 1000
998095 1000
998096 1000
998097 1000
998098 1000
998099 1000
998100 1000
998101 1000
998102 1000
998103 1000
998104 1000
998105 1000
998106 1000
998107 1000
998108 1000
998109 1000
998110 1000
998111 1000
998112 1000
998113 1000
998114 1000
998115 1000
998116 1000
998117 1000
998118 1000
998119 1000
998120 1000
998121 1000
998122 1000
998123 1000
998124 1000
998125 1000
998126 1000
998127 1000
998128 1000
998129 1000
998130 1000
998131 1000
998132 1000
998133 1000
998134 1000
998135 1000
998136 1000
998137 1000
998138 1000
998139 1000
998140 1000
998141 1000
998142 1000
998143 1000
998144 1000
998145 1000
998146 1000
998147 1000
998148 1000
998149 1000
998150 1000
998151 1000
998152 1000
998153 1000
998154 1000
998155 1000
998156 1000
998157 1000
998158 1000
998159 1000
998160 1000
998161 1000
998162 1000
998163 1000
998164 1000
998165 1000
998166 1000
998167 1000
998168 1000
998169 1000
998170 1000
998171 1000
998172 1000
998173 1000
998174 1000
998175 1000
998176 1000
998177 1000
998178 1000
998179 1000
998180 1000
998181 1000
998182 1000
998183 1000
998184 1000
998185 1000
998186 1000
998187 1000
998188 1000
998189 1000
998190 1000
998191 1000
998192 1000
998193 1000
998194 1000
998195 1000
998196 1000
998197 1000
998198 1000
998199 1000
998200 1000
998201 1000
998202 1000
998203 1000
998204 1000
998205 1000
998206 1000
998207 1000
998208 1000
998209 1000
998210 1000
998211 1000
998212 1000
998213 1000
998214 1000
998215 1000
998216 1000
998217 1000
998218 1000
998219 1000
998220 1000
998221 1000
998222 1000
998223 1000
998224 1000
998225 1000
998226 1000
998227 1000
998228 1000
998229 1000
998230 1000
998231 1000
998232 1000
998233 1000
998234 1000
998235 1000
998236 1000
998237 1000
998238 1000
998239 1000
998240 1000
998241 1000
998242 1000
998243 1000
998244 1000
998245 1000
998246 1000
998247 1000
998248 1000
998249 1000
998250 1000
998251 1000
998252 1000
998253 1000
998254 1000
998255 1000
998256 1000
998257 1000
998258 1000
998259 1000
998260 1000
998261 1000
998262 1000
998263 1000
998264 1000
998265 1000
998266 1000
998267 1000
998268 1000
998269 1000
998270 1000
998271 1000
998272 1000
998273 1000
998274 1000
998275 1000
998276 1000
998277 1000
998278 1000
998279 1000
998280 1000
998281 1000
998282 1000
998283 1000
998284 1000
998285 1000
998286 1000
998287 1000
998288 1000
998289 1000
998290 1000
998291 1000
998292 1000
998293 1000
998294 1000
998295 1000
998296 1000
998297 1000
998298 1000
998299 1000
998300 1000
998301 1000
998302 1000
998303 1000
998304 1000
998305 1000
998306 1000
998307 1000
998308 1000
998309 1000
998310 1000
998311 1000
998312 1000
998313 1000
998314 1000
998315 1000
998316 1000
998317 1000
998318 1000
998319 1000
998320 1000
998321 1000
998322 1000
998323 1000
998324 1000
998325 1000
998326 1000
998327 1000
998328 1000
998329 1000
998330 1000
998331 1000
998332 1000
998333 1000
998334 1000
998335 1000
998336 1000
998337 1000
998338 1000
998339 1000
998340 1000
998341 1000
998342 1000
998343 1000
998344 1000
998345 1000
998346 1000
998347 1000
998348 1000
998349 1000
998350 1000
998351 1000
998352 1000
998353 1000
998354 1000
998355 1000
998356 1000
998357 1000
998358 1000
998359 1000
998360 1000
998361 1000
998362 1000
998363 1000
998364 1000
998365 1000
998366 1000
998367 1000
998368 1000
998369 1000
998370 1000
998371 1000
998372 1000
998373 1000
998374 1000
998375 1000
998376 1000
998377 1000
998378 1000
998379 1000
998380 1000
998381 1000
998382 1000
998383 1000
998384 1000
998385 1000
998386 1000
998387 1000
998388 1000
998389 1000
998390 1000
998391 1000
998392 1000
998393 1000
998394 1000
998395 1000
998396 1000
998397 1000
998398 1000
998399 1000
998400 1000
998401 1000
998402 1000
998403 1000
998404 1000
998405 1000
998406 1000
998407 1000
998408 1000
998409 1000
998410 1000
998411 1000
998412 1000
998413 1000
998414 1000
998415 1000
998416 1000
998417 1000
998418 1000
998419 1000
998420 1000
998421 1000
998422 1000
998423 1000
998424 1000
998425 1000
998426 1000
998427 1000
998428 1000
998429 1000
998430 1000
998431 1000
998432 1000
998433 1000
998434 1000
998435 1000
998436 1000
998437 1000
998438 1000
998439 1000
998440 1000
998441 1000
998442 1000
998443 1000
998444 1000
998445 1000
998446 1000
998447 1000
998448 1000
998449 1000
998450 1000
998451 1000
998452 1000
998453 1000
998454 1000
998455 1000
998456 1000
998457 1000
998458 1000
998459 1000
998460 1000
998461 1000
998462 1000
998463 1000
998464 1000
998465 1000
998466 1000
998467 1000
998468 1000
998469 1000
998470 1000
998471 1000
998472 1000
998473 1000
998474 1000
998475 1000
998476 1000
998477 1000
998478 1000
998479 1000
998480 1000
998481 1000
998482 1000
998483 1000
998484 1000
998485 1000
998486 1000
998487 1000
998488 1000
998489 1000
998490 1000
998491 1000
998492 1000
998493 1000
998494 1000
998495 1000
998496 1000
998497 1000
998498 1000
998499 1000
998500 1000
998501 1000
998502 1000
998503 1000
998504 1000
998505 1000
998506 1000
998507 1000
998508 1000
998509 1000
998510 1000
998511 1000
998512 1000
998513 1000
998514 1000
998515 1000
998516 1000
998517 1000
998518 1000
998519 1000
998520 1000
998521 1000
998522 1000
998523 1000
998524 1000
998525 1000
998526 1000
998527 1000
998528 1000
998529 1000
998530 1000
998531 1000
998532 1000
998533 1000
998534 1000
998535 1000
998536 1000
998537 1000
998538 1000
998539 1000
998540 1000
998541 1000
998542 1000
998543 1000
998544 1000
998545 1000
998546 1000
998547 1000
998548 1000
998549 1000
998550 1000
998551 1000
998552 1000
998553 1000
998554 1000
998555 1000
998556 1000
998557 1000
998558 1000
998559 1000
998560 1000
998561 1000
998562 1000
998563 1000
998564 1000
998565 1000
998566 1000
998567 1000
998568 1000
998569 1000
998570 1000
998571 1000
998572 1000
998573 1000
998574 1000
998575 1000
998576 1000
998577 1000
998578 1000
998579 1000
998580 1000
998581 1000
998582 1000
998583 1000
998584 1000
998585 1000
998586 1000
998587 1000
998588 1000
998589 1000
998590 1000
998591 1000
998592 1000
998593 1000
998594 1000
998595 1000
998596 1000
998597 1000
998598 1000
998599 1000
998600 1000
998601 1000
998602 1000
998603 1000
998604 1000
998605 1000
998606 1000
998607 1000
998608 1000
998609 1000
998610 1000
998611 1000
998612 1000
998613 1000
998614 1000
998615 1000
998616 1000
998617 1000
998618 1000
998619 1000
998620 1000
998621 1000
998622 1000
998623 1000
998624 1000
998625 1000
998626 1000
998627 1000
998628 1000
998629 1000
998630 1000
998631 1000
998632 1000
998633 1000
998634 1000
998635 1000
998636 1000
998637 1000
998638 1000
998639 1000
998640 1000
998641 1000
998642 1000
998643 1000
998644 1000
998645 1000
998646 1000
998647 1000
998648 1000
998649 1000
998650 1000
998651 1000
998652 1000
998653 1000
998654 1000
998655 1000
998656 1000
998657 1000
998658 1000
998659 1000
998660 1000
998661 1000
998662 1000
998663 1000
998664 1000
998665 1000
998666 1000
998667 1000
998668 1000
998669 1000
998670 1000
998671 1000
998672 1000
998673 1000
998674 1000
998675 1000
998676 1000
998677 1000
998678 1000
998679 1000
998680 1000
998681 1000
998682 1000
998683 1000
998684 1000
998685 1000
998686 1000
998687 1000
998688 1000
998689 1000
998690 1000
998691 1000
998692 1000
998693 1000
998694 1000
998695 1000
998696 1000
998697 1000
998698 1000
998699 1000
998700 1000
998701 1000
998702 1000
998703 1000
998704 1000
998705 1000
998706 1000
998707 1000
998708 1000
998709 1000
998710 1000
998711 1000
998712 1000
998713 1000
998714 1000
998715 1000
998716 1000
998717 1000
998718 1000
998719 1000
998720 1000
998721 1000
998722 1000
998723 1000
998724 1000
998725 1000
998726 1000
998727 1000
998728 1000
998729 1000
998730 1000
998731 1000
998732 1000
998733 1000
998734 1000
998735 1000
998736 1000
998737 1000
998738 1000
998739 1000
998740 1000
998741 1000
998742 1000
998743 1000
998744 1000
998745 1000
998746 1000
998747 1000
998748 1000
998749 1000
998750 1000
998751 1000
998752 1000
998753 1000
998754 1000
998755 1000
998756 1000
998757 1000
998758 1000
998759 1000
998760 1000
998761 1000
998762 1000
998763 1000
998764 1000
998765 1000
998766 1000
998767 1000
998768 1000
998769 1000
998770 1000
998771 1000
998772 1000
998773 1000
998774 1000
998775 1000
998776 1000
998777 1000
998778 1000
998779 1000
998780 1000
998781 1000
998782 1000
998783 1000
998784 1000
998785 1000
998786 1000
998787 1000
998788 1000
998789 1000
998790 1000
998791 1000
998792 1000
998793 1000
998794 1000
998795 1000
998796 1000
998797 1000
998798 1000
998799 1000
998800 1000
998801 1000
998802 1000
998803 1000
998804 1000
998805 1000
998806 1000
998807 1000
998808 1000
998809 1000
998810 1000
998811 1000
998812 1000
998813 1000
998814 1000
998815 1000
998816 1000
998817 1000
998818 1000
998819 1000
998820 1000
998821 1000
998822 1000
998823 1000
998824 1000
998825 1000
998826 1000
998827 1000
998828 1000
998829 1000
998830 1000
998831 1000
998832 1000
998833 1000
998834 1000
998835 1000
998836 1000
998837 1000
998838 1000
998839 1000
998840 1000
998841 1000
998842 1000
998843 1000
998844 1000
998845 1000
998846 1000
998847 1000
998848 1000
998849 1000
998850 1000
998851 1000
998852 1000
998853 1000
998854 1000
998855 1000
998856 1000
998857 1000
998858 1000
998859 1000
998860 1000
998861 1000
998862 1000
998863 1000
998864 1000
998865 1000
998866 1000
998867 1000
998868 1000
998869 1000
998870 1000
998871 1000
998872 1000
998873 1000
998874 1000
998875 1000
998876 1000
998877 1000
998878 1000
998879 1000
998880 1000
998881 1000
998882 1000
998883 1000
998884 1000
998885 1000
998886 1000
998887 1000
998888 1000
998889 1000
998890 1000
998891 1000
998892 1000
998893 1000
998894 1000
998895 1000
998896 1000
998897 1000
998898 1000
998899 1000
998900 1000
998901 1000
998902 1000
998903 1000
998904 1000
998905 1000
998906 1000
998907 1000
998908 1000
998909 1000
998910 1000
998911 1000
998912 1000
998913 1000
998914 1000
998915 1000
998916 1000
998917 1000
998918 1000
998919 1000
998920 1000
998921 1000
998922 1000
998923 1000
998924 1000
998925 1000
998926 1000
998927 1000
998928 1000
998929 1000
998930 1000
998931 1000
998932 1000
998933 1000
998934 1000
998935 1000
998936 1000
998937 1000
998938 1000
998939 1000
998940 1000
998941 1000
998942 1000
998943 1000
998944 1000
998945 1000
998946 1000
998947 1000
998948 1000
998949 1000
998950 1000
998951 1000
998952 1000
998953 1000
998954 1000
998955 1000
998956 1000
998957 1000
998958 1000
998959 1000
998960 1000
998961 1000
998962 1000
998963 1000
998964 1000
998965 1000
998966 1000
998967 1000
998968 1000
998969 1000
998970 1000
998971 1000
998972 1000
998973 1000
998974 1000
998975 1000
998976 1000
998977 1000
998978 1000
998979 1000
998980 1000
998981 1000
998982 1000
998983 1000
998984 1000
998985 1000
998986 1000
998987 1000
998988 1000
998989 1000
998990 1000
998991 1000
998992 1000
998993 1000
998994 1000
998995 1000
998996 1000
998997 1000
998998 1000
998999 1000
999000 1000
999001 1000
999002 1000
999003 1000
999004 1000
999005 1000
999006 1000
999007 1000
999008 1000
999009 1000
999010 1000
999011 1000
999012 1000
999013 1000
999014 1000
999015 1000
999016 1000
999017 1000
999018 1000
999019 1000
999020 1000
999021 1000
999022 1000
999023 1000
999024 1000
999025 1000
999026 1000
999027 1000
999028 1000
999029 1000
999030 1000
999031 1000
999032 1000
999033 1000
999034 1000
999035 1000
999036 1000
999037 1000
999038 1000
999039 1000
999040 1000
999041 1000
999042 1000
999043 1000
999044 1000
999045 1000
999046 1000
999047 1000
999048 1000
999049 1000
999050 1000
999051 1000
999052 1000
999053 1000
999054 1000
999055 1000
999056 1000
999057 1000
999058 1000
999059 1000
999060 1000
999061 1000
999062 1000
999063 1000
999064 1000
999065 1000
999066 1000
999067 1000
999068 1000
999069 1000
999070 1000
999071 1000
999072 1000
999073 1000
999074 1000
999075 1000
999076 1000
999077 1000
999078 1000
999079 1000
999080 1000
999081 1000
999082 1000
999083 1000
999084 1000
999085 1000
999086 1000
999087 1000
999088 1000
999089 1000
999090 1000
999091 1000
999092 1000
999093 1000
999094 1000
999095 1000
999096 1000
999097 1000
999098 1000
999099 1000
999100 1000
999101 1000
999102 1000
999103 1000
999104 1000
999105 1000
999106 1000
999107 1000
999108 1000
999109 1000
999110 1000
999111 1000
999112 1000
999113 1000
999114 1000
999115 1000
999116 1000
999117 1000
999118 1000
999119 1000
999120 1000
999121 1000
999122 1000
999123 1000
999124 1000
999125 1000
999126 1000
999127 1000
999128 1000
999129 1000
999130 1000
999131 1000
999132 1000
999133 1000
999134 1000
999135 1000
999136 1000
999137 1000
999138 1000
999139 1000
999140 1000
999141 1000
999142 1000
999143 1000
999144 1000
999145 1000
999146 1000
999147 1000
999148 1000
999149 1000
999150 1000
999151 1000
999152 1000
999153 1000
999154 1000
999155 1000
999156 1000
999157 1000
999158 1000
999159 1000
999160 1000
999161 1000
999162 1000
999163 1000
999164 1000
999165 1000
999166 1000
999167 1000
999168 1000
999169 1000
999170 1000
999171 1000
999172 1000
999173 1000
999174 1000
999175 1000
999176 1000
999177 1000
999178 1000
999179 1000
999180 1000
999181 1000
999182 1000
999183 1000
999184 1000
999185 1000
999186 1000
999187 1000
999188 1000
999189 1000
999190 1000
999191 1000
999192 1000
999193 1000
999194 1000
999195 1000
999196 1000
999197 1000
999198 1000
999199 1000
999200 1000
999201 1000
999202 1000
999203 1000
999204 1000
999205 1000
999206 1000
999207 1000
999208 1000
999209 1000
999210 1000
999211 1000
999212 1000
999213 1000
999214 1000
999215 1000
999216 1000
999217 1000
999218 1000
999219 1000
999220 1000
999221 1000
999222 1000
999223 1000
999224 1000
999225 1000
999226 1000
999227 1000
999228 1000
999229 1000
999230 1000
999231 1000
999232 1000
999233 1000
999234 1000
999235 1000
999236 1000
999237 1000
999238 1000
999239 1000
999240 1000
999241 1000
999242 1000
999243 1000
999244 1000
999245 1000
999246 1000
999247 1000
999248 1000
999249 1000
999250 1000
999251 1000
999252 1000
999253 1000
999254 1000
999255 1000
999256 1000
999257 1000
999258 1000
999259 1000
999260 1000
999261 1000
999262 1000
999263 1000
999264 1000
999265 1000
999266 1000
999267 1000
999268 1000
999269 1000
999270 1000
999271 1000
999272 1000
999273 1000
999274 1000
999275 1000
999276 1000
999277 1000
999278 1000
999279 1000
999280 1000
999281 1000
999282 1000
999283 1000
999284 1000
999285 1000
999286 1000
999287 1000
999288 1000
999289 1000
999290 1000
999291 1000
999292 1000
999293 1000
999294 1000
999295 1000
999296 1000
999297 1000
999298 1000
999299 1000
999300 1000
999301 1000
999302 1000
999303 1000
999304 1000
999305 1000
999306 1000
999307 1000
999308 1000
999309 1000
999310 1000
999311 1000
999312 1000
999313 1000
999314 1000
999315 1000
999316 1000
999317 1000
999318 1000
999319 1000
999320 1000
999321 1000
999322 1000
999323 1000
999324 1000
999325 1000
999326 1000
999327 1000
999328 1000
999329 1000
999330 1000
999331 1000
999332 1000
999333 1000
999334 1000
999335 1000
999336 1000
999337 1000
999338 1000
999339 1000
999340 1000
999341 1000
999342 1000
999343 1000
999344 1000
999345 1000
999346 1000
999347 1000
999348 1000
999349 1000
999350 1000
999351 1000
999352 1000
999353 1000
999354 1000
999355 1000
999356 1000
999357 1000
999358 1000
999359 1000
999360 1000
999361 1000
999362 1000
999363 1000
999364 1000
999365 1000
999366 1000
999367 1000
999368 1000
999369 1000
999370 1000
999371 1000
999372 1000
999373 1000
999374 1000
999375 1000
999376 1000
999377 1000
999378 1000
999379 1000
999380 1000
999381 1000
999382 1000
999383 1000
999384 1000
999385 1000
999386 1000
999387 1000
999388 1000
999389 1000
999390 1000
999391 1000
999392 1000
999393 1000
999394 1000
999395 1000
999396 1000
999397 1000
999398 1000
999399 1000
999400 1000
999401 1000
999402 1000
999403 1000
999404 1000
999405 1000
999406 1000
999407 1000
999408 1000
999409 1000
999410 1000
999411 1000
999412 1000
999413 1000
999414 1000
999415 1000
999416 1000
999417 1000
999418 1000
999419 1000
999420 1000
999421 1000
999422 1000
999423 1000
999424 1000
999425 1000
999426 1000
999427 1000
999428 1000
999429 1000
999430 1000
999431 1000
999432 1000
999433 1000
999434 1000
999435 1000
999436 1000
999437 1000
999438 1000
999439 1000
999440 1000
999441 1000
999442 1000
999443 1000
999444 1000
999445 1000
999446 1000
999447 1000
999448 1000
999449 1000
999450 1000
999451 1000
999452 1000
999453 1000
999454 1000
999455 1000
999456 1000
999457 1000
999458 1000
999459 1000
999460 1000
999461 1000
999462 1000
999463 1000
999464 1000
999465 1000
999466 1000
999467 1000
999468 1000
999469 1000
999470 1000
999471 1000
999472 1000
999473 1000
999474 1000
999475 1000
999476 1000
999477 1000
999478 1000
999479 1000
999480 1000
999481 1000
999482 1000
999483 1000
999484 1000
999485 1000
999486 1000
999487 1000
999488 1000
999489 1000
999490 1000
999491 1000
999492 1000
999493 1000
999494 1000
999495 1000
999496 1000
999497 1000
999498 1000
999499 1000
999500 1000
999501 1000
999502 1000
999503 1000
999504 1000
999505 1000
999506 1000
999507 1000
999508 1000
999509 1000
999510 1000
999511 1000
999512 1000
999513 1000
999514 1000
999515 1000
999516 1000
999517 1000
999518 1000
999519 1000
999520 1000
999521 1000
999522 1000
999523 1000
999524 1000
999525 1000
999526 1000
999527 1000
999528 1000
999529 1000
999530 1000
999531 1000
999532 1000
999533 1000
999534 1000
999535 1000
999536 1000
999537 1000
999538 1000
999539 1000
999540 1000
999541 1000
999542 1000
999543 1000
999544 1000
999545 1000
999546 1000
999547 1000
999548 1000
999549 1000
999550 1000
999551 1000
999552 1000
999553 1000
999554 1000
999555 1000
999556 1000
999557 1000
999558 1000
999559 1000
999560 1000
999561 1000
999562 1000
999563 1000
999564 1000
999565 1000
999566 1000
999567 1000
999568 1000
999569 1000
999570 1000
999571 1000
999572 1000
999573 1000
999574 1000
999575 1000
999576 1000
999577 1000
999578 1000
999579 1000
999580 1000
999581 1000
999582 1000
999583 1000
999584 1000
999585 1000
999586 1000
999587 1000
999588 1000
999589 1000
999590 1000
999591 1000
999592 1000
999593 1000
999594 1000
999595 1000
999596 1000
999597 1000
999598 1000
999599 1000
999600 1000
999601 1000
999602 1000
999603 1000
999604 1000
999605 1000
999606 1000
999607 1000
999608 1000
999609 1000
999610 1000
999611 1000
999612 1000
999613 1000
999614 1000
999615 1000
999616 1000
999617 1000
999618 1000
999619 1000
999620 1000
999621 1000
999622 1000
999623 1000
999624 1000
999625 1000
999626 1000
999627 1000
999628 1000
999629 1000
999630 1000
999631 1000
999632 1000
999633 1000
999634 1000
999635 1000
999636 1000
999637 1000
999638 1000
999639 1000
999640 1000
999641 1000
999642 1000
999643 1000
999644 1000
999645 1000
999646 1000
999647 1000
999648 1000
999649 1000
999650 1000
999651 1000
999652 1000
999653 1000
999654 1000
999655 1000
999656 1000
999657 1000
999658 1000
999659 1000
999660 1000
999661 1000
999662 1000
999663 1000
999664 1000
999665 1000
999666 1000
999667 1000
999668 1000
999669 1000
999670 1000
999671 1000
999672 1000
999673 1000
999674 1000
999675 1000
999676 1000
999677 1000
999678 1000
999679 1000
999680 1000
999681 1000
999682 1000
999683 1000
999684 1000
999685 1000
999686 1000
999687 1000
999688 1000
999689 1000
999690 1000
999691 1000
999692 1000
999693 1000
999694 1000
999695 1000
999696 1000
999697 1000
999698 1000
999699 1000
999700 1000
999701 1000
999702 1000
999703 1000
999704 1000
999705 1000
999706 1000
999707 1000
999708 1000
999709 1000
999710 1000
999711 1000
999712 1000
999713 1000
999714 1000
999715 1000
999716 1000
999717 1000
999718 1000
999719 1000
999720 1000
999721 1000
999722 1000
999723 1000
999724 1000
999725 1000
999726 1000
999727 1000
999728 1000
999729 1000
999730 1000
999731 1000
999732 1000
999733 1000
999734 1000
999735 1000
999736 1000
999737 1000
999738 1000
999739 1000
999740 1000
999741 1000
999742 1000
999743 1000
999744 1000
999745 1000
999746 1000
999747 1000
999748 1000
999749 1000
999750 1000
999751 1000
999752 1000
999753 1000
999754 1000
999755 1000
999756 1000
999757 1000
999758 1000
999759 1000
999760 1000
999761 1000
999762 1000
999763 1000
999764 1000
999765 1000
999766 1000
999767 1000
999768 1000
999769 1000
999770 1000
999771 1000
999772 1000
999773 1000
999774 1000
999775 1000
999776 1000
999777 1000
999778 1000
999779 1000
999780 1000
999781 1000
999782 1000
999783 1000
999784 1000
999785 1000
999786 1000
999787 1000
999788 1000
999789 1000
999790 1000
999791 1000
999792 1000
999793 1000
999794 1000
999795 1000
999796 1000
999797 1000
999798 1000
999799 1000
999800 1000
999801 1000
999802 1000
999803 1000
999804 1000
999805 1000
999806 1000
999807 1000
999808 1000
999809 1000
999810 1000
999811 1000
999812 1000
999813 1000
999814 1000
999815 1000
999816 1000
999817 1000
999818 1000
999819 1000
999820 1000
999821 1000
999822 1000
999823 1000
999824 1000
999825 1000
999826 1000
999827 1000
999828 1000
999829 1000
999830 1000
999831 1000
999832 1000
999833 1000
999834 1000
999835 1000
999836 1000
999837 1000
999838 1000
999839 1000
999840 1000
999841 1000
999842 1000
999843 1000
999844 1000
999845 1000
999846 1000
999847 1000
999848 1000
999849 1000
999850 1000
999851 1000
999852 1000
999853 1000
999854 1000
999855 1000
999856 1000
999857 1000
999858 1000
999859 1000
999860 1000
999861 1000
999862 1000
999863 1000
999864 1000
999865 1000
999866 1000
999867 1000
999868 1000
999869 1000
999870 1000
999871 1000
999872 1000
999873 1000
999874 1000
999875 1000
999876 1000
999877 1000
999878 1000
999879 1000
999880 1000
999881 1000
999882 1000
999883 1000
999884 1000
999885 1000
999886 1000
999887 1000
999888 1000
999889 1000
999890 1000
999891 1000
999892 1000
999893 1000
999894 1000
999895 1000
999896 1000
999897 1000
999898 1000
999899 1000
999900 1000
999901 1000
999902 1000
999903 1000
999904 1000
999905 1000
999906 1000
999907 1000
999908 1000
999909 1000
999910 1000
999911 1000
999912 1000
999913 1000
999914 1000
999915 1000
999916 1000
999917 1000
999918 1000
999919 1000
999920 1000
999921 1000
999922 1000
999923 1000
999924 1000
999925 1000
999926 1000
999927 1000
999928 1000
999929 1000
999930 1000
999931 1000
999932 1000
999933 1000
999934 1000
999935 1000
999936 1000
999937 1000
999938 1000
999939 1000
999940 1000
999941 1000
999942 1000
999943 1000
999944 1000
999945 1000
999946 1000
999947 1000
999948 1000
999949 1000
999950 1000
999951 1000
999952 1000
999953 1000
999954 1000
999955 1000
999956 1000
999957 1000
999958 1000
999959 1000
999960 1000
999961 1000
999962 1000
999963 1000
999964 1000
999965 1000
999966 1000
999967 1000
999968 1000
999969 1000
999970 1000
999971 1000
999972 1000
999973 1000
999974 1000
999975 1000
999976 1000
999977 1000
999978 1000
999979 1000
999980 1000
999981 1000
999982 1000
999983 1000
999984 1000
999985 1000
999986 1000
999987 1000
999988 1000
999989 1000
999990 1000
999991 1000
999992 1000
999993 1000
999994 1000
999995 1000
999996 1000
999997 1000
999998 1000
999999 1000
